13 0.46484375 0.5159722222222223 0.0203125 0.04027777777777778
13 0.423046875 0.6597222222222222 0.02109375 0.041666666666666664
13 0.30859375 0.6979166666666666 0.0234375 0.043055555555555555
13 0.3140625 0.6277777777777778 0.021875 0.03611111111111111
13 0.326171875 0.5729166666666666 0.02109375 0.0375
13 0.341015625 0.5138888888888888 0.02265625 0.044444444444444446
13 0.359375 0.46319444444444446 0.0234375 0.0375
13 0.37890625 0.41180555555555554 0.021875 0.04027777777777778
13 0.433984375 0.41041666666666665 0.02265625 0.0375
13 0.399609375 0.36666666666666664 0.02265625 0.04722222222222222
13 0.421875 0.3173611111111111 0.021875 0.034722222222222224
13 0.445703125 0.27569444444444446 0.02265625 0.034722222222222224
13 0.471484375 0.2388888888888889 0.02421875 0.041666666666666664
13 0.334375 0.775 0.0234375 0.041666666666666664
13 0.315625 0.7819444444444444 0.0203125 0.044444444444444446
10 0.65234375 0.043055555555555555 0.046875 0.08611111111111111
9 0.3421875 0.28125 0.046875 0.1375