32 0.77421875 0.5256944444444445 0.0296875 0.06527777777777778
30 0.1125 0.28402777777777777 0.0359375 0.1625
14 0.41328125 0.6291666666666667 0.0390625 0.08611111111111111
1 0.430859375 0.73125 0.02109375 0.0375
1 0.42890625 0.7923611111111111 0.0203125 0.034722222222222224
1 0.58125 0.6284722222222222 0.0234375 0.03194444444444444
1 0.566015625 0.6638888888888889 0.02421875 0.030555555555555555
44 0.56015625 0.3597222222222222 0.134375 0.22777777777777777
13 0.51953125 0.5805555555555556 0.025 0.041666666666666664
41 0.3265625 0.2423611111111111 0.1328125 0.23472222222222222
40 0.4484375 0.23680555555555555 0.04375 0.13472222222222222
40 0.471484375 0.6118055555555556 0.06796875 0.09305555555555556
40 0.71484375 0.6541666666666667 0.04375 0.13333333333333333
40 0.680859375 0.18611111111111112 0.04296875 0.10277777777777777