32 0.47578125 0.35138888888888886 0.0296875 0.06944444444444445
42 0.33515625 0.07708333333333334 0.06875 0.12083333333333333
42 0.013671875 0.5916666666666667 0.02734375 0.16944444444444445
18 0.526171875 0.8826388888888889 0.03828125 0.059722222222222225
14 0.198046875 0.8930555555555556 0.03828125 0.06666666666666667
18 0.23046875 0.9090277777777778 0.025 0.07083333333333333
14 0.733984375 0.25416666666666665 0.03828125 0.058333333333333334
19 0.35390625 0.8416666666666667 0.0265625 0.075
29 0.526171875 0.4597222222222222 0.03046875 0.04722222222222222
40 0.15546875 0.55 0.0421875 0.13333333333333333
40 0.15625 0.8472222222222222 0.0421875 0.14166666666666666
40 0.3109375 0.6881944444444444 0.0671875 0.09305555555555556
40 0.478515625 0.7097222222222223 0.06640625 0.08333333333333333