32 0.492578125 0.4305555555555556 0.02734375 0.06944444444444445
30 0.075 0.5277777777777778 0.0359375 0.16111111111111112
30 0.423828125 0.03958333333333333 0.06484375 0.07916666666666666
18 0.821484375 0.18611111111111112 0.03671875 0.06111111111111111
18 0.319140625 0.8395833333333333 0.02734375 0.07361111111111111
18 0.61484375 0.8131944444444444 0.0390625 0.0625
18 0.252734375 0.9590277777777778 0.03828125 0.07083333333333333
13 0.523046875 0.16041666666666668 0.02265625 0.043055555555555555
40 0.24375 0.48194444444444445 0.0421875 0.1361111111111111
40 0.399609375 0.6194444444444445 0.06640625 0.09166666666666666
40 0.566796875 0.61875 0.06640625 0.09027777777777778
40 0.243359375 0.7791666666666667 0.04296875 0.13333333333333333
23 0.4078125 0.7236111111111111 0.084375 0.15