32 0.451953125 0.2298611111111111 0.02890625 0.07361111111111111
30 0.076953125 0.5298611111111111 0.03515625 0.1597222222222222
30 0.425 0.03888888888888889 0.0640625 0.07777777777777778
18 0.82421875 0.1875 0.0390625 0.058333333333333334
18 0.616015625 0.8166666666666667 0.03984375 0.058333333333333334
14 0.320703125 0.8416666666666667 0.03046875 0.07222222222222222
18 0.253125 0.9618055555555556 0.040625 0.06527777777777778
34 0.43671875 0.8125 0.0265625 0.06944444444444445
34 0.904296875 0.8680555555555556 0.03046875 0.1111111111111111
13 0.412109375 0.4013888888888889 0.01953125 0.03888888888888889
13 0.485546875 0.41875 0.02265625 0.043055555555555555
13 0.46796875 0.4097222222222222 0.0234375 0.03888888888888889
13 0.44921875 0.40208333333333335 0.01875 0.0375
13 0.431640625 0.40069444444444446 0.02109375 0.043055555555555555
40 0.244140625 0.48194444444444445 0.04140625 0.13055555555555556
40 0.401953125 0.6215277777777778 0.06640625 0.09027777777777778
40 0.568359375 0.6208333333333333 0.06640625 0.09444444444444444
40 0.244921875 0.7791666666666667 0.04453125 0.1361111111111111