32 0.83359375 0.7180555555555556 0.0296875 0.06111111111111111
30 0.076171875 0.2722222222222222 0.03671875 0.16111111111111112
30 0.324609375 0.9618055555555556 0.06484375 0.0763888888888889
14 0.40390625 0.6256944444444444 0.028125 0.0875
1 0.70859375 0.7833333333333333 0.015625 0.03888888888888889
1 0.73984375 0.7319444444444444 0.0203125 0.03333333333333333
1 0.705859375 0.7159722222222222 0.01484375 0.029166666666666667
1 0.74140625 0.6736111111111112 0.0265625 0.03888888888888889
41 0.291015625 0.23333333333333334 0.13046875 0.24166666666666667
40 0.411328125 0.22916666666666666 0.04296875 0.1361111111111111
40 0.434765625 0.6041666666666666 0.06796875 0.09444444444444444
40 0.6578125 0.63125 0.0171875 0.1486111111111111
40 0.64453125 0.17291666666666666 0.04375 0.10416666666666667
4 0.975 0.26666666666666666 0.034375 0.18055555555555555