32 0.2640625 0.46458333333333335 0.0296875 0.0763888888888889
30 0.055859375 0.775 0.03515625 0.15833333333333333
14 0.61640625 0.7493055555555556 0.034375 0.0875
28 0.430859375 0.5409722222222222 0.03515625 0.08472222222222223
3 0.309765625 0.24513888888888888 0.04453125 0.06805555555555555
44 0.5046875 0.8486111111111111 0.134375 0.23055555555555557
13 0.364453125 0.5215277777777778 0.02109375 0.04027777777777778
41 0.270703125 0.7305555555555555 0.13359375 0.23333333333333334
40 0.51484375 0.3333333333333333 0.0671875 0.09166666666666666
40 0.3921875 0.7277777777777777 0.0421875 0.13333333333333333
40 0.6265625 0.6736111111111112 0.04375 0.1
4 0.955859375 0.7645833333333333 0.03203125 0.1763888888888889