32 0.592578125 0.5895833333333333 0.03203125 0.07083333333333333
30 0.10859375 0.19652777777777777 0.0359375 0.15416666666666667
30 0.356640625 0.9125 0.06796875 0.14166666666666666
14 0.409375 0.20416666666666666 0.0296875 0.08888888888888889
2 0.351953125 0.6076388888888888 0.03203125 0.05138888888888889
2 0.36875 0.6076388888888888 0.03125 0.05694444444444444
44 0.55703125 0.26666666666666666 0.134375 0.23055555555555557
41 0.321875 0.15486111111111112 0.134375 0.23472222222222222
40 0.466796875 0.5229166666666667 0.06796875 0.09305555555555556
40 0.710546875 0.5638888888888889 0.04453125 0.14166666666666666
40 0.44453125 0.14583333333333334 0.04375 0.13055555555555556
40 0.678125 0.09444444444444444 0.04375 0.10555555555555556