32 0.476171875 0.4861111111111111 0.02734375 0.07222222222222222
18 0.410546875 0.30833333333333335 0.03984375 0.07222222222222222
18 0.437890625 0.4263888888888889 0.03984375 0.06666666666666667
18 0.39921875 0.6770833333333334 0.0296875 0.06805555555555555
19 0.540625 0.18819444444444444 0.0578125 0.04861111111111111
13 0.27890625 0.79375 0.021875 0.04027777777777778
13 0.341796875 0.8701388888888889 0.02109375 0.04027777777777778
13 0.3828125 0.8020833333333334 0.0203125 0.0375
13 0.48203125 0.6694444444444444 0.0203125 0.041666666666666664
13 0.429296875 0.75 0.02265625 0.044444444444444446
41 0.416015625 0.7583333333333333 0.13359375 0.24166666666666667