32 0.626953125 0.30069444444444443 0.03203125 0.06527777777777778
30 0.3203125 0.050694444444444445 0.065625 0.10138888888888889
14 0.230859375 0.7868055555555555 0.02734375 0.08194444444444444
18 0.71953125 0.20972222222222223 0.0390625 0.06111111111111111
18 0.51171875 0.8395833333333333 0.0390625 0.059722222222222225
18 0.2171875 0.8659722222222223 0.028125 0.07083333333333333
18 0.150390625 0.9791666666666666 0.03828125 0.041666666666666664
34 0.7796875 0.56875 0.0375 0.10972222222222222
19 0.33984375 0.8 0.03125 0.08055555555555556
40 0.140625 0.5083333333333333 0.0421875 0.13333333333333333
40 0.29765625 0.6430555555555556 0.0671875 0.09166666666666666
40 0.464453125 0.64375 0.06953125 0.09027777777777778
40 0.140234375 0.8027777777777778 0.04296875 0.13333333333333333