32 0.659765625 0.2916666666666667 0.03046875 0.05
30 0.346484375 0.04027777777777778 0.06640625 0.08055555555555556
18 0.206640625 0.8298611111111112 0.03828125 0.07083333333333333
18 0.241015625 0.8444444444444444 0.02578125 0.07222222222222222
18 0.17421875 0.9659722222222222 0.040625 0.06805555555555555
18 0.745703125 0.19027777777777777 0.03515625 0.06111111111111111
18 0.53671875 0.8180555555555555 0.0390625 0.06111111111111111
34 0.76015625 0.5875 0.0375 0.10833333333333334
19 0.3640625 0.7777777777777778 0.0265625 0.075
40 0.16640625 0.48541666666666666 0.0421875 0.13472222222222222
40 0.322265625 0.625 0.06953125 0.09444444444444444
40 0.4890625 0.6465277777777778 0.0671875 0.08472222222222223
40 0.16640625 0.7791666666666667 0.04375 0.12777777777777777