32 0.378125 0.3104166666666667 0.028125 0.07083333333333333
30 0.008984375 0.30625 0.01796875 0.15138888888888888
14 0.484765625 0.42777777777777776 0.03203125 0.08333333333333333
18 0.598828125 0.7479166666666667 0.02578125 0.07083333333333333
18 0.5296875 0.9541666666666667 0.025 0.06944444444444445
14 0.535546875 0.5555555555555556 0.02734375 0.08333333333333333
34 0.617578125 0.5423611111111111 0.03828125 0.10694444444444444
34 0.524609375 0.48680555555555555 0.02734375 0.10416666666666667
13 0.51171875 0.24166666666666667 0.0234375 0.044444444444444446
13 0.5328125 0.3076388888888889 0.025 0.04027777777777778
13 0.59375 0.2965277777777778 0.021875 0.04027777777777778
13 0.548828125 0.3 0.02109375 0.041666666666666664
13 0.562109375 0.29583333333333334 0.02265625 0.044444444444444446
13 0.58046875 0.29305555555555557 0.025 0.04722222222222222
13 0.677734375 0.13055555555555556 0.02109375 0.03888888888888889
13 0.697265625 0.15416666666666667 0.02265625 0.041666666666666664
13 0.71640625 0.18055555555555555 0.0234375 0.04722222222222222
13 0.73515625 0.21180555555555555 0.0234375 0.043055555555555555
13 0.75078125 0.24930555555555556 0.021875 0.04027777777777778
4 0.180859375 0.05416666666666667 0.06640625 0.10833333333333334