32 0.76484375 0.5458333333333333 0.0328125 0.08333333333333333
30 0.95625 0.18611111111111112 0.0359375 0.15833333333333333
18 0.3796875 0.3034722222222222 0.0484375 0.04861111111111111
18 0.3734375 0.3909722222222222 0.046875 0.04861111111111111
18 0.4546875 0.45 0.0484375 0.04722222222222222
21 0.485546875 0.20833333333333334 0.04765625 0.044444444444444446
13 0.808984375 0.39652777777777776 0.02265625 0.034722222222222224
40 0.39140625 0.1986111111111111 0.0421875 0.13333333333333333
40 0.691796875 0.2 0.04140625 0.1361111111111111
40 0.39140625 0.49583333333333335 0.0421875 0.13333333333333333
40 0.691796875 0.4965277777777778 0.04140625 0.13194444444444445