32 0.358203125 0.44722222222222224 0.03203125 0.06666666666666667
18 0.937109375 0.4736111111111111 0.04609375 0.05
18 0.9625 0.5451388888888888 0.0453125 0.04583333333333333
13 0.434375 0.5055555555555555 0.021875 0.04722222222222222
13 0.23203125 0.4875 0.0265625 0.044444444444444446
13 0.38359375 0.7020833333333333 0.025 0.04027777777777778
13 0.41171875 0.7368055555555556 0.021875 0.04027777777777778
13 0.44375 0.7458333333333333 0.0234375 0.041666666666666664
13 0.606640625 0.70625 0.02578125 0.04027777777777778
13 0.5875 0.8555555555555555 0.025 0.04722222222222222
13 0.55 0.8555555555555555 0.021875 0.044444444444444446
13 0.50390625 0.8722222222222222 0.01875 0.041666666666666664
13 0.462109375 0.9069444444444444 0.01796875 0.041666666666666664
13 0.625390625 0.86875 0.02265625 0.034722222222222224
13 0.655859375 0.8979166666666667 0.02109375 0.04027777777777778