32 0.644140625 0.39791666666666664 0.02890625 0.07361111111111111
30 0.93984375 0.6993055555555555 0.0359375 0.15694444444444444
18 0.605859375 0.7402777777777778 0.02734375 0.06388888888888888
18 0.169140625 0.6333333333333333 0.04765625 0.04722222222222222
34 0.40390625 0.6944444444444444 0.040625 0.10555555555555556
3 0.24375 0.5680555555555555 0.0484375 0.06111111111111111
15 0.78203125 0.4236111111111111 0.0546875 0.030555555555555555
13 0.25 0.24444444444444444 0.021875 0.03611111111111111
13 0.290625 0.2263888888888889 0.025 0.041666666666666664
13 0.331640625 0.2125 0.02265625 0.03888888888888889
13 0.373046875 0.20902777777777778 0.02265625 0.04027777777777778
13 0.41484375 0.21180555555555555 0.0203125 0.04027777777777778
40 0.43125 0.25763888888888886 0.065625 0.09027777777777778
40 0.565234375 0.2569444444444444 0.06640625 0.09166666666666666
40 0.69765625 0.25625 0.0671875 0.09027777777777778