32 0.5046875 0.4888888888888889 0.03125 0.07222222222222222
13 0.401171875 0.5576388888888889 0.02421875 0.04583333333333333
13 0.4 0.5215277777777778 0.0234375 0.043055555555555555
13 0.40859375 0.4909722222222222 0.0265625 0.04027777777777778
13 0.384375 0.3402777777777778 0.021875 0.041666666666666664
13 0.45078125 0.31319444444444444 0.025 0.04861111111111111
13 0.545703125 0.3 0.02421875 0.044444444444444446
13 0.576171875 0.21041666666666667 0.02578125 0.043055555555555555
13 0.598046875 0.11736111111111111 0.02421875 0.04027777777777778
13 0.466015625 0.0763888888888889 0.02265625 0.044444444444444446
13 0.415234375 0.04861111111111111 0.02578125 0.044444444444444446
10 0.6421875 0.04375 0.05 0.0875
9 0.248046875 0.5020833333333333 0.04765625 0.1486111111111111