32 0.87421875 0.5097222222222222 0.0359375 0.06944444444444445
18 0.50703125 0.20555555555555555 0.0484375 0.05277777777777778
18 0.48359375 0.13402777777777777 0.0484375 0.04861111111111111
13 0.689453125 0.6944444444444444 0.02578125 0.044444444444444446
13 0.680078125 0.6576388888888889 0.01953125 0.0375
13 0.670703125 0.6180555555555556 0.02109375 0.044444444444444446
13 0.6609375 0.5840277777777778 0.01875 0.04861111111111111
13 0.648046875 0.5520833333333334 0.02265625 0.04861111111111111
13 0.632421875 0.5333333333333333 0.02421875 0.044444444444444446
13 0.960546875 0.6784722222222223 0.02578125 0.04027777777777778
13 0.965625 0.46805555555555556 0.0265625 0.041666666666666664
13 0.95078125 0.2569444444444444 0.025 0.044444444444444446
13 0.916796875 0.05625 0.02421875 0.04861111111111111
10 0.558984375 0.5041666666666667 0.04609375 0.14444444444444443