32 0.555859375 0.5159722222222223 0.03359375 0.06805555555555555
13 0.1734375 0.6819444444444445 0.0234375 0.03888888888888889
13 0.169140625 0.6604166666666667 0.02421875 0.04583333333333333
13 0.1703125 0.6361111111111111 0.0234375 0.044444444444444446
13 0.35703125 0.7597222222222222 0.0234375 0.044444444444444446
13 0.33125 0.8298611111111112 0.021875 0.04583333333333333
13 0.52578125 0.8854166666666666 0.0234375 0.043055555555555555
13 0.5171875 0.7444444444444445 0.0234375 0.04722222222222222
13 0.544140625 0.6111111111111112 0.02578125 0.044444444444444446
13 0.585546875 0.4708333333333333 0.02421875 0.041666666666666664
13 0.591015625 0.3625 0.02734375 0.04722222222222222
10 0.642578125 0.17291666666666666 0.04609375 0.14583333333333334
9 0.02890625 0.6548611111111111 0.0515625 0.15694444444444444