32 0.750390625 0.6291666666666667 0.03515625 0.07222222222222222
13 0.177734375 0.78125 0.02578125 0.04583333333333333
13 0.00546875 0.48680555555555555 0.0109375 0.043055555555555555
13 0.3125 0.5277777777777778 0.0234375 0.05
13 0.373046875 0.5340277777777778 0.02421875 0.04583333333333333
13 0.434765625 0.5104166666666666 0.02578125 0.04583333333333333
13 0.487890625 0.60625 0.02734375 0.043055555555555555
13 0.646484375 0.7520833333333333 0.02265625 0.043055555555555555
13 0.662890625 0.55 0.02421875 0.044444444444444446
13 0.66328125 0.41597222222222224 0.0234375 0.04861111111111111
13 0.60703125 0.3506944444444444 0.01875 0.04583333333333333
13 0.59296875 0.24027777777777778 0.0234375 0.044444444444444446
13 0.562109375 0.14722222222222223 0.02578125 0.03888888888888889
13 0.812109375 0.4354166666666667 0.02421875 0.043055555555555555
13 0.866796875 0.016666666666666666 0.02265625 0.03333333333333333
10 0.479296875 0.06944444444444445 0.06015625 0.1388888888888889
9 0.20625 0.5180555555555556 0.0578125 0.1388888888888889