32 0.073828125 0.5041666666666667 0.03203125 0.06666666666666667
14 0.86953125 0.04513888888888889 0.0359375 0.08194444444444444
13 0.33125 0.6513888888888889 0.021875 0.041666666666666664
13 0.3359375 0.6090277777777777 0.0234375 0.04027777777777778
13 0.3296875 0.5680555555555555 0.025 0.044444444444444446
13 0.149609375 0.7173611111111111 0.02265625 0.04027777777777778
13 0.1609375 0.6166666666666667 0.0234375 0.041666666666666664
13 0.14453125 0.5201388888888889 0.0234375 0.04027777777777778
13 0.05078125 0.38819444444444445 0.0265625 0.043055555555555555
13 0.05234375 0.8548611111111111 0.021875 0.043055555555555555
9 0.51640625 0.5875 0.0484375 0.14722222222222223