32 0.36640625 0.2743055555555556 0.03125 0.07361111111111111
30 0.012109375 0.2972222222222222 0.02421875 0.15
14 0.439453125 0.7875 0.03203125 0.08888888888888889
18 0.52109375 0.8076388888888889 0.025 0.06805555555555555
14 0.592578125 0.8361111111111111 0.03359375 0.08333333333333333
14 0.515625 0.9701388888888889 0.03125 0.059722222222222225
34 0.583203125 0.6131944444444445 0.03515625 0.10138888888888889
34 0.43984375 0.9645833333333333 0.034375 0.07083333333333333
13 0.387109375 0.68125 0.02421875 0.04583333333333333
13 0.4125 0.6819444444444445 0.0234375 0.044444444444444446
13 0.461328125 0.6930555555555555 0.02265625 0.041666666666666664
13 0.43828125 0.6854166666666667 0.025 0.043055555555555555
13 0.477734375 0.3298611111111111 0.02421875 0.043055555555555555
13 0.455078125 0.35347222222222224 0.02265625 0.043055555555555555
13 0.43359375 0.38333333333333336 0.0203125 0.03888888888888889
13 0.4140625 0.41388888888888886 0.0234375 0.03888888888888889
13 0.397265625 0.44930555555555557 0.02265625 0.04027777777777778
13 0.43984375 0.44583333333333336 0.0234375 0.044444444444444446
41 0.55546875 0.9527777777777777 0.1296875 0.09444444444444444
4 0.187890625 0.043055555555555555 0.06640625 0.08611111111111111