32 0.46171875 0.46597222222222223 0.0296875 0.07361111111111111
30 0.031640625 0.6027777777777777 0.03515625 0.16111111111111112
30 0.3796875 0.08472222222222223 0.065625 0.1361111111111111
14 0.676171875 0.33958333333333335 0.03671875 0.0875
18 0.571484375 0.8909722222222223 0.03984375 0.059722222222222225
14 0.259375 0.9013888888888889 0.034375 0.08333333333333333
13 0.334375 0.5590277777777778 0.0203125 0.04027777777777778
13 0.605859375 0.3659722222222222 0.02109375 0.043055555555555555
40 0.200390625 0.5569444444444445 0.04296875 0.1361111111111111
40 0.356640625 0.6951388888888889 0.06796875 0.09027777777777778
40 0.5234375 0.69375 0.0671875 0.09027777777777778
40 0.2 0.8541666666666666 0.040625 0.1361111111111111