32 0.591796875 0.36666666666666664 0.02890625 0.07222222222222222
30 0.074609375 0.6409722222222223 0.03359375 0.1625
30 0.421875 0.125 0.065625 0.14166666666666666
18 0.82109375 0.3013888888888889 0.0359375 0.06111111111111111
18 0.284765625 0.9395833333333333 0.03984375 0.07083333333333333
18 0.3171875 0.9576388888888889 0.028125 0.07361111111111111
18 0.61484375 0.9284722222222223 0.0390625 0.0625
34 0.806640625 0.8159722222222222 0.02734375 0.10694444444444444
19 0.441796875 0.8902777777777777 0.02734375 0.075
40 0.244140625 0.5958333333333333 0.04296875 0.13055555555555556
40 0.243359375 0.8923611111111112 0.04296875 0.13472222222222222
40 0.399609375 0.7333333333333333 0.06640625 0.08888888888888889
40 0.566015625 0.7555555555555555 0.06796875 0.08333333333333333