32 0.50625 0.45902777777777776 0.0296875 0.0625
30 0.660546875 0.034722222222222224 0.06484375 0.06944444444444445
14 0.66171875 0.6048611111111111 0.0296875 0.08194444444444444
18 0.27265625 0.6916666666666667 0.0484375 0.04722222222222222
18 0.060546875 0.7506944444444444 0.04921875 0.04861111111111111
34 0.48828125 0.8847222222222222 0.0375 0.10555555555555556
3 0.1828125 0.7645833333333333 0.0421875 0.07916666666666666
15 0.88828125 0.48055555555555557 0.053125 0.03888888888888889
13 0.5015625 0.6395833333333333 0.021875 0.043055555555555555
13 0.421875 0.6576388888888889 0.021875 0.04027777777777778
13 0.440625 0.6493055555555556 0.0234375 0.043055555555555555
13 0.459765625 0.6444444444444445 0.02421875 0.041666666666666664
13 0.48046875 0.6423611111111112 0.0234375 0.04027777777777778
40 0.537890625 0.3125 0.06796875 0.09166666666666666
40 0.67109375 0.3138888888888889 0.065625 0.08888888888888889
40 0.803515625 0.31527777777777777 0.06640625 0.09444444444444444