32 0.615625 0.5895833333333333 0.0296875 0.06527777777777778
30 0.109765625 0.19166666666666668 0.03515625 0.1638888888888889
30 0.358203125 0.9118055555555555 0.06328125 0.14027777777777778
14 0.411328125 0.27569444444444446 0.03203125 0.08472222222222223
1 0.26875 0.6333333333333333 0.025 0.04722222222222222
1 0.243359375 0.6333333333333333 0.02734375 0.04722222222222222
2 0.393359375 0.6097222222222223 0.03359375 0.05555555555555555
41 0.32421875 0.1527777777777778 0.134375 0.2361111111111111
40 0.46875 0.5229166666666667 0.0671875 0.0875
40 0.711328125 0.5611111111111111 0.04296875 0.13333333333333333
40 0.679296875 0.09444444444444444 0.04296875 0.10277777777777777
40 0.444921875 0.14444444444444443 0.04296875 0.1361111111111111