32 0.45 0.3277777777777778 0.03125 0.075
30 0.1046875 0.5430555555555555 0.034375 0.1638888888888889
30 0.452734375 0.04791666666666667 0.06484375 0.09583333333333334
14 0.40625 0.8159722222222222 0.03125 0.09027777777777778
14 0.293359375 0.8826388888888889 0.03515625 0.09027777777777778
18 0.644140625 0.8305555555555556 0.03984375 0.06388888888888888
18 0.85234375 0.20416666666666666 0.0375 0.06666666666666667
13 0.510546875 0.38680555555555557 0.02421875 0.04583333333333333
13 0.362109375 0.7756944444444445 0.02265625 0.043055555555555555
40 0.273046875 0.4979166666666667 0.04296875 0.13472222222222222
40 0.429296875 0.6347222222222222 0.06796875 0.09166666666666666
40 0.59609375 0.6354166666666666 0.0671875 0.09027777777777778
40 0.273828125 0.7958333333333333 0.04140625 0.1388888888888889