32 0.4859375 0.2833333333333333 0.0296875 0.07222222222222222
13 0.779296875 0.39166666666666666 0.02734375 0.05
13 0.846875 0.5694444444444444 0.025 0.044444444444444446
13 0.9484375 0.6854166666666667 0.0234375 0.043055555555555555
13 0.731640625 0.81875 0.02734375 0.043055555555555555
13 0.712890625 0.8256944444444444 0.02421875 0.04861111111111111
13 0.694921875 0.8104166666666667 0.02265625 0.04861111111111111
13 0.6828125 0.7784722222222222 0.025 0.043055555555555555
13 0.683203125 0.7465277777777778 0.02734375 0.04583333333333333
13 0.748828125 0.7972222222222223 0.02265625 0.03888888888888889
13 0.75546875 0.7680555555555556 0.0234375 0.044444444444444446
13 0.75546875 0.7354166666666667 0.0234375 0.04027777777777778
13 0.6890625 0.7111111111111111 0.021875 0.03888888888888889
10 0.7203125 0.7145833333333333 0.05625 0.12361111111111112