32 0.423046875 0.41388888888888886 0.03046875 0.07222222222222222
14 0.465234375 0.59375 0.02890625 0.0875
14 0.6 0.8430555555555556 0.03125 0.08888888888888889
14 0.401171875 0.8006944444444445 0.02734375 0.08194444444444444
14 0.513671875 0.9798611111111111 0.02734375 0.04027777777777778
34 0.583984375 0.6048611111111111 0.02734375 0.10138888888888889
34 0.376953125 0.9694444444444444 0.03515625 0.06111111111111111
13 0.4828125 0.5333333333333333 0.0234375 0.041666666666666664
13 0.48984375 0.5208333333333334 0.021875 0.044444444444444446
13 0.496484375 0.5055555555555555 0.02578125 0.044444444444444446
13 0.504296875 0.49444444444444446 0.02578125 0.044444444444444446
13 0.512890625 0.4861111111111111 0.02578125 0.044444444444444446
13 0.36015625 0.8694444444444445 0.021875 0.041666666666666664
13 0.38671875 0.875 0.0234375 0.041666666666666664
41 0.516015625 0.9083333333333333 0.13046875 0.18333333333333332