32 0.5078125 0.36666666666666664 0.03125 0.07777777777777778
30 0.075390625 0.5076388888888889 0.03515625 0.1625
14 0.309765625 0.7909722222222222 0.03359375 0.09027777777777778
18 0.82265625 0.1673611111111111 0.0359375 0.06527777777777778
18 0.616015625 0.7944444444444444 0.03984375 0.06111111111111111
13 0.437890625 0.21666666666666667 0.02265625 0.03888888888888889
13 0.390234375 0.5506944444444445 0.02421875 0.043055555555555555
40 0.24453125 0.4618055555555556 0.04375 0.13194444444444445
40 0.401171875 0.6006944444444444 0.06796875 0.09305555555555556
40 0.567578125 0.5993055555555555 0.06640625 0.09027777777777778
40 0.24453125 0.7590277777777777 0.0421875 0.13472222222222222