32 0.505078125 0.49027777777777776 0.03046875 0.07222222222222222
42 0.317578125 0.49166666666666664 0.01171875 0.1638888888888889
42 0.1171875 0.49236111111111114 0.0109375 0.1597222222222222
18 0.69921875 0.7229166666666667 0.0265625 0.05416666666666667
44 0.76640625 0.5715277777777777 0.134375 0.2375
41 0.53359375 0.4527777777777778 0.134375 0.24166666666666667
40 0.653125 0.46319444444444446 0.04375 0.10972222222222222
40 0.776171875 0.050694444444444445 0.06796875 0.09027777777777778
40 0.8875 0.3923611111111111 0.04375 0.10416666666666667
40 0.67578125 0.7875 0.0671875 0.075
40 0.89921875 0.8493055555555555 0.01875 0.1486111111111111