32 0.54296875 0.44722222222222224 0.03125 0.07777777777777778
18 0.838671875 0.1125 0.04765625 0.044444444444444446
18 0.81171875 0.03819444444444445 0.05 0.04861111111111111
13 0.644140625 0.45694444444444443 0.02265625 0.044444444444444446
13 0.591796875 0.5381944444444444 0.02265625 0.04583333333333333
13 0.659375 0.6097222222222223 0.021875 0.044444444444444446
13 0.65078125 0.7361111111111112 0.0234375 0.044444444444444446
13 0.61328125 0.7722222222222223 0.0234375 0.041666666666666664
13 0.6703125 0.85625 0.0234375 0.04027777777777778
13 0.849609375 0.9666666666666667 0.02421875 0.044444444444444446
13 0.682421875 0.98125 0.01953125 0.029166666666666667
10 0.828515625 0.35 0.04609375 0.14444444444444443
9 0.21328125 0.7715277777777778 0.0453125 0.1486111111111111