32 0.219921875 0.2076388888888889 0.03203125 0.0763888888888889
30 0.085546875 0.9284722222222223 0.03515625 0.10694444444444444
14 0.44765625 0.7979166666666667 0.03125 0.08194444444444444
14 0.72421875 0.47430555555555554 0.0328125 0.08194444444444444
18 0.6421875 0.2548611111111111 0.0265625 0.06527777777777778
34 0.217578125 0.7263888888888889 0.03828125 0.10555555555555556
13 0.24921875 0.30486111111111114 0.025 0.043055555555555555
13 0.28984375 0.3909722222222222 0.021875 0.04027777777777778
13 0.1640625 0.3173611111111111 0.021875 0.043055555555555555
13 0.289453125 0.12291666666666666 0.02265625 0.04027777777777778
13 0.57890625 0.49722222222222223 0.0234375 0.041666666666666664
13 0.61015625 0.7138888888888889 0.025 0.05
40 0.354296875 0.8458333333333333 0.04296875 0.1361111111111111
40 0.787890625 0.43333333333333335 0.04296875 0.1361111111111111
45 0.56796875 0.64375 0.1765625 0.2375