32 0.719921875 0.5895833333333333 0.03203125 0.06805555555555555
30 0.071875 0.22361111111111112 0.034375 0.1527777777777778
30 0.318359375 0.9340277777777778 0.06484375 0.12916666666666668
14 0.407421875 0.5659722222222222 0.03046875 0.08472222222222223
1 0.518359375 0.6673611111111111 0.02109375 0.03194444444444444
1 0.517578125 0.7243055555555555 0.01953125 0.03194444444444444
1 0.6484375 0.5222222222222223 0.0265625 0.027777777777777776
1 0.653125 0.49722222222222223 0.025 0.027777777777777776
41 0.28359375 0.17847222222222223 0.1296875 0.24305555555555555
40 0.4296875 0.54375 0.06875 0.08194444444444444
40 0.40546875 0.17152777777777778 0.0421875 0.13472222222222222
40 0.641015625 0.11944444444444445 0.04609375 0.10277777777777777
4 0.96953125 0.20972222222222223 0.034375 0.18333333333333332