32 0.39140625 0.3541666666666667 0.0296875 0.07222222222222222
30 0.07734375 0.6055555555555555 0.034375 0.15555555555555556
30 0.4265625 0.08472222222222223 0.0640625 0.13055555555555556
18 0.321875 0.91875 0.0265625 0.07083333333333333
18 0.61796875 0.8916666666666667 0.0390625 0.06111111111111111
19 0.445703125 0.8527777777777777 0.02890625 0.08055555555555556
34 0.884375 0.8326388888888889 0.040625 0.10694444444444444
13 0.437109375 0.18055555555555555 0.02265625 0.03333333333333333
13 0.4734375 0.18472222222222223 0.0234375 0.041666666666666664
13 0.508984375 0.19722222222222222 0.02265625 0.03888888888888889
13 0.543359375 0.21666666666666667 0.02578125 0.044444444444444446
40 0.246484375 0.5576388888888889 0.04453125 0.13472222222222222
40 0.402734375 0.6979166666666666 0.06796875 0.09583333333333334
40 0.56953125 0.6951388888888889 0.0671875 0.09027777777777778
40 0.246875 0.8555555555555555 0.0453125 0.1361111111111111