32 0.854296875 0.5576388888888889 0.03203125 0.0763888888888889
30 0.975390625 0.2777777777777778 0.03671875 0.16944444444444445
43 0.50546875 0.3159722222222222 0.0265625 0.08194444444444444
34 0.45 0.5618055555555556 0.040625 0.10416666666666667
13 0.716015625 0.7069444444444445 0.02265625 0.03888888888888889
13 0.667578125 0.47430555555555554 0.02109375 0.043055555555555555
13 0.82421875 0.16180555555555556 0.021875 0.043055555555555555
13 0.846875 0.20069444444444445 0.021875 0.04583333333333333
13 0.867578125 0.2423611111111111 0.02265625 0.04027777777777778
13 0.884765625 0.28680555555555554 0.02109375 0.04583333333333333
13 0.9 0.3368055555555556 0.0203125 0.04027777777777778
13 0.837890625 0.7979166666666667 0.02421875 0.043055555555555555
40 0.40703125 0.5902777777777778 0.04375 0.1388888888888889
40 0.408984375 0.29305555555555557 0.04296875 0.1388888888888889
40 0.70859375 0.5881944444444445 0.0421875 0.13472222222222222
40 0.707421875 0.29444444444444445 0.04296875 0.1388888888888889