32 0.45234375 0.5048611111111111 0.0296875 0.07361111111111111
18 0.700390625 0.5555555555555556 0.04609375 0.05
18 0.674609375 0.4840277777777778 0.05078125 0.05138888888888889
13 0.540625 0.6541666666666667 0.021875 0.041666666666666664
13 0.524609375 0.4284722222222222 0.02265625 0.04027777777777778
13 0.553125 0.20416666666666666 0.021875 0.041666666666666664
13 0.622265625 0.01875 0.02578125 0.0375
13 0.655078125 0.31180555555555556 0.02109375 0.04861111111111111
13 0.637890625 0.39444444444444443 0.02265625 0.041666666666666664
13 0.637890625 0.48680555555555555 0.02265625 0.04861111111111111
13 0.655078125 0.5673611111111111 0.02421875 0.043055555555555555
13 0.598828125 0.85625 0.02265625 0.034722222222222224
10 0.763671875 0.41388888888888886 0.05703125 0.14444444444444443