32 0.62421875 0.5034722222222222 0.034375 0.07083333333333333
18 0.528125 0.12291666666666666 0.04375 0.04861111111111111
18 0.50390625 0.05 0.05 0.05
13 0.3984375 0.6076388888888888 0.025 0.043055555555555555
13 0.51953125 0.65625 0.0234375 0.043055555555555555
13 0.538671875 0.37777777777777777 0.02421875 0.041666666666666664
13 0.421484375 0.3236111111111111 0.02265625 0.04722222222222222
13 0.3921875 0.19583333333333333 0.025 0.03888888888888889
13 0.5015625 0.10208333333333333 0.0234375 0.034722222222222224
13 0.425 0.4701388888888889 0.025 0.04583333333333333
13 0.3140625 0.4388888888888889 0.0265625 0.044444444444444446
13 0.44765625 0.9041666666666667 0.025 0.04722222222222222
10 0.246484375 0.3902777777777778 0.05078125 0.14166666666666666