32 0.196484375 0.49444444444444446 0.03046875 0.075
14 0.682421875 0.3638888888888889 0.03359375 0.08888888888888889
18 0.73671875 0.2923611111111111 0.046875 0.05416666666666667
13 0.311328125 0.46805555555555556 0.02421875 0.041666666666666664
13 0.37421875 0.3402777777777778 0.025 0.041666666666666664
13 0.39296875 0.7756944444444445 0.0234375 0.04027777777777778
13 0.49140625 0.73125 0.021875 0.043055555555555555
13 0.499609375 0.6486111111111111 0.02578125 0.041666666666666664
13 0.5109375 0.5611111111111111 0.0265625 0.044444444444444446
13 0.526953125 0.4756944444444444 0.02421875 0.04583333333333333
13 0.55 0.40347222222222223 0.0234375 0.04583333333333333
13 0.575 0.3375 0.025 0.04722222222222222
13 0.603515625 0.28194444444444444 0.02578125 0.041666666666666664
13 0.63671875 0.24166666666666667 0.021875 0.04722222222222222
13 0.67109375 0.2125 0.021875 0.041666666666666664
13 0.7046875 0.18680555555555556 0.021875 0.05138888888888889
13 0.73828125 0.17430555555555555 0.021875 0.043055555555555555
13 0.77421875 0.175 0.0234375 0.04722222222222222
13 0.807421875 0.17847222222222223 0.02265625 0.04583333333333333
13 0.841796875 0.19166666666666668 0.02421875 0.044444444444444446
10 0.9609375 0.20972222222222223 0.0484375 0.14166666666666666
9 0.477734375 0.8569444444444444 0.05859375 0.13055555555555556