32 0.904296875 0.4909722222222222 0.03203125 0.07361111111111111
18 0.51171875 0.10277777777777777 0.046875 0.05
18 0.4875 0.029166666666666667 0.0453125 0.05
13 0.0875 0.33125 0.021875 0.043055555555555555
13 0.139453125 0.15416666666666667 0.02265625 0.041666666666666664
13 0.2203125 0.02013888888888889 0.0234375 0.04027777777777778
13 0.2984375 0.3159722222222222 0.0234375 0.04027777777777778
13 0.256640625 0.4701388888888889 0.02109375 0.043055555555555555
13 0.07421875 0.5270833333333333 0.0234375 0.04027777777777778
13 0.100390625 0.7201388888888889 0.02265625 0.04027777777777778
13 0.158984375 0.8861111111111111 0.02265625 0.041666666666666664
13 0.27734375 0.6319444444444444 0.021875 0.041666666666666664
13 0.35390625 0.7333333333333333 0.0234375 0.03888888888888889
13 0.4484375 0.7243055555555555 0.0234375 0.04583333333333333
13 0.51875 0.6083333333333333 0.025 0.044444444444444446
13 0.626953125 0.6076388888888888 0.02109375 0.043055555555555555
13 0.62109375 0.5611111111111111 0.021875 0.044444444444444446
13 0.6125 0.5229166666666667 0.0234375 0.04027777777777778
13 0.6 0.48333333333333334 0.021875 0.044444444444444446
13 0.7015625 0.6631944444444444 0.025 0.04027777777777778
13 0.65078125 0.8402777777777778 0.025 0.044444444444444446
13 0.713671875 0.46458333333333335 0.02265625 0.043055555555555555
13 0.6890625 0.27569444444444446 0.0234375 0.04583333333333333
13 0.479296875 0.2972222222222222 0.02421875 0.04722222222222222
13 0.387890625 0.2513888888888889 0.02265625 0.041666666666666664
13 0.62890625 0.10902777777777778 0.0234375 0.04861111111111111
13 0.569140625 0.9819444444444444 0.01953125 0.025
10 0.521484375 0.43680555555555556 0.04765625 0.14027777777777778