32 0.75390625 0.4930555555555556 0.0328125 0.07777777777777778
30 0.9671875 0.39166666666666666 0.0328125 0.16111111111111112
14 0.4640625 0.44583333333333336 0.03125 0.08611111111111111
14 0.498046875 0.5479166666666667 0.02578125 0.09027777777777778
14 0.531640625 0.6680555555555555 0.02578125 0.08611111111111111
21 0.498046875 0.4131944444444444 0.04453125 0.04583333333333333
13 0.58203125 0.42916666666666664 0.0203125 0.041666666666666664
40 0.702734375 0.4041666666666667 0.04296875 0.13333333333333333
40 0.403125 0.4048611111111111 0.0421875 0.1375
40 0.40234375 0.7013888888888888 0.0421875 0.1361111111111111
40 0.702734375 0.7006944444444444 0.04140625 0.13472222222222222