32 0.464453125 0.5118055555555555 0.02890625 0.07083333333333333
18 0.4828125 0.4215277777777778 0.0265625 0.06527777777777778
18 0.426171875 0.24722222222222223 0.04140625 0.06666666666666667
18 0.453125 0.3659722222222222 0.040625 0.06805555555555555
18 0.416015625 0.61875 0.02421875 0.06805555555555555
19 0.555078125 0.13125 0.05546875 0.05138888888888889
28 0.71171875 0.6402777777777777 0.0296875 0.08888888888888889
13 0.3765625 0.7194444444444444 0.0265625 0.03888888888888889
13 0.436328125 0.7708333333333334 0.02421875 0.044444444444444446
13 0.48046875 0.7180555555555556 0.01875 0.03888888888888889
13 0.529296875 0.6798611111111111 0.02109375 0.043055555555555555
13 0.57890625 0.6375 0.021875 0.044444444444444446
41 0.433203125 0.6979166666666666 0.13046875 0.24027777777777778