32 0.6375 0.5013888888888889 0.03125 0.075
30 0.10859375 0.24722222222222223 0.0359375 0.16111111111111112
30 0.355078125 0.9479166666666666 0.06328125 0.10416666666666667
14 0.468359375 0.6034722222222222 0.03515625 0.09027777777777778
44 0.55625 0.32222222222222224 0.1359375 0.23333333333333334
13 0.547265625 0.5694444444444444 0.02578125 0.044444444444444446
41 0.32265625 0.20694444444444443 0.134375 0.2388888888888889
40 0.44296875 0.20277777777777778 0.0421875 0.1388888888888889
40 0.676953125 0.14791666666666667 0.04453125 0.10138888888888889
40 0.466796875 0.5402777777777777 0.06796875 0.075
40 0.689453125 0.6055555555555555 0.01953125 0.15