32 0.54453125 0.22013888888888888 0.0296875 0.07361111111111111
14 0.580859375 0.6756944444444445 0.02890625 0.09027777777777778
6 0.4859375 0.775 0.0390625 0.1111111111111111
13 0.292578125 0.46111111111111114 0.02265625 0.03888888888888889
13 0.234375 0.23819444444444443 0.0234375 0.043055555555555555
13 0.350390625 0.36666666666666664 0.02421875 0.041666666666666664
13 0.3328125 0.12638888888888888 0.0234375 0.03888888888888889
13 0.415625 0.23055555555555557 0.0234375 0.044444444444444446
13 0.423828125 0.31319444444444444 0.02265625 0.043055555555555555
13 0.501171875 0.3090277777777778 0.02265625 0.043055555555555555
41 0.412890625 0.5486111111111112 0.13359375 0.2361111111111111