32 0.59296875 0.5854166666666667 0.0328125 0.07361111111111111
30 0.108203125 0.19722222222222222 0.03359375 0.15833333333333333
30 0.35625 0.9152777777777777 0.0640625 0.14166666666666666
14 0.407421875 0.16597222222222222 0.02734375 0.07916666666666666
2 0.3859375 0.6104166666666667 0.034375 0.05416666666666667
2 0.353125 0.6097222222222223 0.034375 0.05277777777777778
41 0.32265625 0.15902777777777777 0.128125 0.24305555555555555
40 0.465234375 0.5236111111111111 0.06640625 0.09166666666666666
40 0.709375 0.5652777777777778 0.040625 0.13055555555555556
40 0.67578125 0.09513888888888888 0.04375 0.10138888888888889
40 0.441796875 0.14652777777777778 0.04296875 0.12916666666666668