32 0.480078125 0.48819444444444443 0.03046875 0.07083333333333333
30 0.04765625 0.5506944444444445 0.034375 0.1597222222222222
30 0.395703125 0.05 0.06484375 0.1
14 0.78046875 0.1625 0.0375 0.06111111111111111
14 0.349609375 0.7611111111111111 0.02734375 0.08611111111111111
18 0.587109375 0.8375 0.03984375 0.058333333333333334
14 0.245703125 0.9701388888888889 0.02734375 0.059722222222222225
13 0.123046875 0.5243055555555556 0.02109375 0.043055555555555555
40 0.21640625 0.5041666666666667 0.04375 0.1361111111111111
40 0.373046875 0.6416666666666667 0.06640625 0.09166666666666666
40 0.539453125 0.6423611111111112 0.06796875 0.09583333333333334
40 0.2171875 0.8020833333333334 0.0421875 0.14027777777777778