32 0.605078125 0.6666666666666666 0.03359375 0.08055555555555556
30 0.905078125 0.19583333333333333 0.03828125 0.16666666666666666
18 0.64453125 0.7458333333333333 0.0484375 0.05
18 0.38984375 0.24861111111111112 0.0265625 0.06388888888888888
18 0.414453125 0.07708333333333334 0.01953125 0.06805555555555555
18 0.3921875 0.059027777777777776 0.025 0.0625
12 0.601953125 0.24722222222222223 0.03046875 0.058333333333333334
12 0.691796875 0.11458333333333333 0.02734375 0.07083333333333333
38 0.225390625 0.27569444444444446 0.04140625 0.0763888888888889
25 0.2359375 0.20972222222222223 0.06875 0.04722222222222222
39 0.19453125 0.09236111111111112 0.0421875 0.043055555555555555