32 0.235546875 0.3798611111111111 0.03046875 0.0763888888888889
14 0.763671875 0.6055555555555555 0.03203125 0.08611111111111111
14 0.475 0.9451388888888889 0.0328125 0.0875
6 0.20546875 0.7923611111111111 0.0265625 0.10694444444444444
13 0.26171875 0.48819444444444443 0.025 0.04583333333333333
13 0.324609375 0.5222222222222223 0.02109375 0.03888888888888889
13 0.37734375 0.5909722222222222 0.025 0.04861111111111111
13 0.41484375 0.6868055555555556 0.0234375 0.04583333333333333
13 0.431640625 0.8020833333333334 0.02109375 0.04583333333333333
13 0.4328125 0.8506944444444444 0.021875 0.04583333333333333
13 0.2734375 0.7131944444444445 0.021875 0.043055555555555555
13 0.25 0.6847222222222222 0.021875 0.041666666666666664
13 0.1953125 0.675 0.0203125 0.041666666666666664
13 0.2234375 0.6708333333333333 0.025 0.041666666666666664
40 0.775390625 0.5055555555555555 0.04140625 0.1388888888888889
40 0.342578125 0.9180555555555555 0.04140625 0.1361111111111111
45 0.55703125 0.7152777777777778 0.178125 0.2361111111111111