32 0.847265625 0.4486111111111111 0.03203125 0.07222222222222222
30 0.066015625 0.32916666666666666 0.03515625 0.15555555555555556
14 0.4328125 0.6986111111111111 0.034375 0.09166666666666666
1 0.81796875 0.5444444444444444 0.015625 0.03611111111111111
1 0.853125 0.6138888888888889 0.0203125 0.03333333333333333
44 0.514453125 0.40625 0.13515625 0.23472222222222222
41 0.2796875 0.28888888888888886 0.134375 0.2388888888888889
40 0.401171875 0.28194444444444444 0.04296875 0.13333333333333333
40 0.634765625 0.23055555555555557 0.04296875 0.10555555555555556
40 0.425 0.6541666666666667 0.0671875 0.08888888888888889
40 0.6484375 0.6868055555555556 0.0203125 0.15416666666666667