32 0.623046875 0.32013888888888886 0.03515625 0.06805555555555555
30 0.315625 0.06111111111111111 0.065625 0.12222222222222222
14 0.506640625 0.8590277777777777 0.03828125 0.059722222222222225
14 0.18984375 0.89375 0.034375 0.08194444444444444
18 0.716015625 0.2326388888888889 0.03671875 0.059722222222222225
34 0.758203125 0.59375 0.04140625 0.10972222222222222
34 0.333984375 0.8215277777777777 0.02890625 0.0763888888888889
40 0.135546875 0.5277777777777778 0.04296875 0.1361111111111111
40 0.291796875 0.6631944444444444 0.06640625 0.09305555555555556
40 0.459375 0.6631944444444444 0.065625 0.09027777777777778
40 0.136328125 0.8236111111111111 0.04296875 0.13333333333333333