32 0.306640625 0.39861111111111114 0.03203125 0.06944444444444445
18 0.903515625 0.40694444444444444 0.05078125 0.05277777777777778
18 0.878125 0.33611111111111114 0.0515625 0.04722222222222222
13 0.190625 0.41180555555555554 0.0234375 0.04027777777777778
13 0.14375 0.48194444444444445 0.0234375 0.03888888888888889
13 0.33125 0.7152777777777778 0.021875 0.03888888888888889
13 0.303515625 0.7256944444444444 0.02265625 0.043055555555555555
13 0.27421875 0.7118055555555556 0.025 0.043055555555555555
13 0.58984375 0.6284722222222222 0.0265625 0.04583333333333333
13 0.60859375 0.9034722222222222 0.025 0.04583333333333333
13 0.7015625 0.5541666666666667 0.025 0.044444444444444446
13 0.653125 0.3715277777777778 0.021875 0.043055555555555555
13 0.582421875 0.17847222222222223 0.02109375 0.043055555555555555
13 0.490234375 0.15347222222222223 0.02265625 0.04583333333333333
13 0.4109375 0.06458333333333334 0.0234375 0.043055555555555555
13 0.7796875 0.2013888888888889 0.0234375 0.041666666666666664
13 0.935546875 0.16597222222222222 0.02421875 0.04583333333333333
10 0.845703125 0.5680555555555555 0.04765625 0.1388888888888889