32 0.469140625 0.29444444444444445 0.03203125 0.08055555555555556
14 0.615625 0.8131944444444444 0.034375 0.0875
6 0.50703125 0.7604166666666666 0.0421875 0.1125
13 0.31484375 0.5527777777777778 0.0234375 0.041666666666666664
13 0.350390625 0.4701388888888889 0.02421875 0.043055555555555555
13 0.400390625 0.4152777777777778 0.02421875 0.041666666666666664
13 0.457421875 0.3923611111111111 0.02109375 0.043055555555555555
13 0.515234375 0.40625 0.02109375 0.04027777777777778
13 0.42890625 0.65625 0.021875 0.04027777777777778
13 0.444140625 0.63125 0.02109375 0.0375
13 0.463671875 0.6180555555555556 0.02265625 0.041666666666666664
13 0.483984375 0.6173611111111111 0.01953125 0.04583333333333333
13 0.54609375 0.6638888888888889 0.021875 0.044444444444444446
41 0.41640625 0.5611111111111111 0.134375 0.2388888888888889