32 0.615625 0.5875 0.028125 0.075
30 0.3578125 0.9131944444444444 0.0625 0.14027777777777778
30 0.11015625 0.19236111111111112 0.034375 0.1625
14 0.412109375 0.32430555555555557 0.03359375 0.09027777777777778
1 0.247265625 0.6423611111111112 0.02109375 0.034722222222222224
1 0.268359375 0.6430555555555556 0.01953125 0.03611111111111111
2 0.421875 0.6027777777777777 0.0296875 0.05555555555555555
44 0.5578125 0.2673611111111111 0.134375 0.23194444444444445
41 0.323046875 0.15416666666666667 0.13515625 0.2361111111111111
40 0.4453125 0.14583333333333334 0.0421875 0.13333333333333333
40 0.46875 0.5208333333333334 0.06875 0.09444444444444444
40 0.7125 0.5625 0.04375 0.13333333333333333
40 0.679296875 0.09375 0.04609375 0.10416666666666667