32 0.434765625 0.4756944444444444 0.03203125 0.07361111111111111
13 0.87734375 0.5458333333333333 0.021875 0.041666666666666664
13 0.848046875 0.5548611111111111 0.02265625 0.04027777777777778
13 0.8140625 0.5638888888888889 0.0234375 0.044444444444444446
13 0.78046875 0.55625 0.0234375 0.04027777777777778
13 0.744921875 0.5305555555555556 0.02109375 0.041666666666666664
13 0.7171875 0.48819444444444443 0.0234375 0.04027777777777778
13 0.6859375 0.4486111111111111 0.0234375 0.044444444444444446
13 0.65390625 0.42569444444444443 0.0234375 0.04583333333333333
13 0.625390625 0.3729166666666667 0.02578125 0.04861111111111111
13 0.608203125 0.30833333333333335 0.02421875 0.041666666666666664
13 0.589453125 0.2388888888888889 0.01953125 0.041666666666666664
13 0.57890625 0.15902777777777777 0.021875 0.043055555555555555
13 0.58125 0.05555555555555555 0.021875 0.03888888888888889
13 0.322265625 0.44583333333333336 0.02421875 0.04722222222222222
13 0.5984375 0.9847222222222223 0.021875 0.030555555555555555
10 0.941796875 0.5277777777777778 0.04921875 0.1388888888888889