32 0.481640625 0.2423611111111111 0.03046875 0.0763888888888889
14 0.606640625 0.7284722222222222 0.03203125 0.08472222222222223
6 0.490625 0.7819444444444444 0.0421875 0.10833333333333334
35 0.51796875 0.5423611111111111 0.03125 0.06805555555555555
13 0.223046875 0.4465277777777778 0.02109375 0.043055555555555555
13 0.281640625 0.3111111111111111 0.02265625 0.044444444444444446
13 0.3640625 0.21875 0.0234375 0.04027777777777778
13 0.556640625 0.20347222222222222 0.02109375 0.04027777777777778
13 0.503515625 0.4041666666666667 0.02109375 0.041666666666666664
13 0.468359375 0.3680555555555556 0.02265625 0.03888888888888889
13 0.444921875 0.4097222222222222 0.02109375 0.03888888888888889
13 0.390234375 0.45069444444444445 0.02109375 0.04027777777777778
13 0.346484375 0.5215277777777778 0.02265625 0.043055555555555555
41 0.42265625 0.5479166666666667 0.1328125 0.2375