32 0.723828125 0.5131944444444444 0.03203125 0.06805555555555555
18 0.491015625 0.1736111111111111 0.04609375 0.04722222222222222
18 0.465234375 0.10208333333333333 0.04296875 0.04583333333333333
13 0.356640625 0.6902777777777778 0.02421875 0.03888888888888889
13 0.372265625 0.6576388888888889 0.02421875 0.04027777777777778
13 0.383203125 0.6166666666666667 0.02265625 0.041666666666666664
13 0.390234375 0.5763888888888888 0.02109375 0.044444444444444446
13 0.39375 0.5326388888888889 0.0203125 0.04583333333333333
13 0.392578125 0.49236111111111114 0.02265625 0.04027777777777778
13 0.38828125 0.45 0.021875 0.03611111111111111
13 0.37890625 0.41041666666666665 0.0203125 0.0375
13 0.364453125 0.3736111111111111 0.02421875 0.044444444444444446
13 0.462890625 0.22916666666666666 0.02265625 0.041666666666666664
13 0.502734375 0.44166666666666665 0.02109375 0.041666666666666664
13 0.45078125 0.49166666666666664 0.025 0.03611111111111111
13 0.49609375 0.6673611111111111 0.0234375 0.04583333333333333
13 0.4484375 0.8715277777777778 0.0234375 0.043055555555555555
13 0.634375 0.6958333333333333 0.025 0.04722222222222222
13 0.6125 0.6395833333333333 0.0234375 0.043055555555555555
13 0.598828125 0.2798611111111111 0.02265625 0.04027777777777778
13 0.615234375 0.2423611111111111 0.02109375 0.0375
13 0.5546875 0.9840277777777777 0.0234375 0.03194444444444444
10 0.266796875 0.5034722222222222 0.05703125 0.14583333333333334