32 0.184765625 0.5020833333333333 0.03046875 0.07083333333333333
14 0.734375 0.3298611111111111 0.034375 0.09027777777777778
14 0.823046875 0.39375 0.03046875 0.08472222222222223
13 0.23671875 0.7493055555555556 0.0203125 0.034722222222222224
13 0.236328125 0.8333333333333334 0.02421875 0.044444444444444446
13 0.2140625 0.9055555555555556 0.0234375 0.041666666666666664
13 0.9140625 0.45069444444444445 0.0234375 0.043055555555555555
13 0.962890625 0.5152777777777777 0.02265625 0.03888888888888889
13 0.88984375 0.3576388888888889 0.0234375 0.04027777777777778
13 0.89765625 0.25069444444444444 0.021875 0.043055555555555555
13 0.931640625 0.16527777777777777 0.02265625 0.03888888888888889
13 0.9859375 0.12222222222222222 0.021875 0.041666666666666664
10 0.9875 0.2465277777777778 0.025 0.1375