32 0.0921875 0.5173611111111112 0.0296875 0.07361111111111111
18 0.496484375 0.2722222222222222 0.02734375 0.06944444444444445
18 0.56484375 0.07569444444444444 0.028125 0.06805555555555555
18 0.534375 0.027083333333333334 0.0359375 0.05416666666666667
28 0.538671875 0.17083333333333334 0.03828125 0.07777777777777778
13 0.031640625 0.39791666666666664 0.02265625 0.04027777777777778
13 0.06875 0.37430555555555556 0.0265625 0.04583333333333333
13 0.117578125 0.2722222222222222 0.02265625 0.041666666666666664
13 0.169921875 0.3819444444444444 0.02265625 0.04722222222222222
13 0.226171875 0.41944444444444445 0.02421875 0.041666666666666664
13 0.268359375 0.35694444444444445 0.02421875 0.041666666666666664
13 0.321484375 0.40625 0.02421875 0.04583333333333333
41 0.51484375 0.35208333333333336 0.134375 0.24027777777777778