32 0.548828125 0.4777777777777778 0.03046875 0.08055555555555556
30 0.046875 0.4465277777777778 0.0359375 0.1597222222222222
14 0.40234375 0.6138888888888889 0.03125 0.08611111111111111
18 0.29140625 0.7590277777777777 0.0265625 0.06527777777777778
18 0.22421875 0.8777777777777778 0.040625 0.06666666666666667
18 0.26171875 0.9270833333333334 0.034375 0.05694444444444444
18 0.79453125 0.10416666666666667 0.0359375 0.06111111111111111
18 0.58671875 0.73125 0.0390625 0.0625
34 0.7796875 0.8555555555555555 0.0421875 0.10833333333333334
19 0.415625 0.6951388888888889 0.0296875 0.07083333333333333
13 0.536328125 0.3277777777777778 0.02578125 0.044444444444444446
40 0.215625 0.39861111111111114 0.0421875 0.13333333333333333
40 0.215625 0.6951388888888889 0.0421875 0.1375
40 0.371875 0.5381944444444444 0.06875 0.09027777777777778
40 0.5390625 0.5576388888888889 0.0671875 0.08472222222222223