32 0.659765625 0.2826388888888889 0.03046875 0.05138888888888889
30 0.345703125 0.03819444444444445 0.06640625 0.0763888888888889
18 0.745703125 0.1840277777777778 0.03671875 0.06527777777777778
18 0.537890625 0.8131944444444444 0.03984375 0.06527777777777778
18 0.2078125 0.8243055555555555 0.0390625 0.07361111111111111
18 0.2421875 0.8402777777777778 0.025 0.06944444444444445
14 0.175 0.9604166666666667 0.0390625 0.06527777777777778
19 0.36484375 0.775 0.0265625 0.07777777777777778
40 0.16640625 0.4798611111111111 0.04375 0.13194444444444445
40 0.323828125 0.61875 0.06953125 0.09305555555555556
40 0.167578125 0.7777777777777778 0.04453125 0.13333333333333333
40 0.48984375 0.6402777777777777 0.06875 0.08333333333333333