32 0.21328125 0.5159722222222223 0.0296875 0.0625
30 0.0171875 0.5861111111111111 0.034375 0.16111111111111112
14 0.5515625 0.5145833333333333 0.0328125 0.0875
28 0.350390625 0.3541666666666667 0.03203125 0.07777777777777778
3 0.230859375 0.22083333333333333 0.04765625 0.06388888888888888
13 0.2 0.27708333333333335 0.021875 0.043055555555555555
13 0.23046875 0.3375 0.0234375 0.03888888888888889
13 0.2734375 0.3902777777777778 0.0234375 0.044444444444444446
13 0.178125 0.20555555555555555 0.021875 0.03888888888888889
41 0.23359375 0.5472222222222223 0.1296875 0.2361111111111111
40 0.353515625 0.5423611111111111 0.04296875 0.1375
40 0.47734375 0.14583333333333334 0.0671875 0.09166666666666666
40 0.3765625 0.9138888888888889 0.06875 0.08888888888888889
40 0.620703125 0.94375 0.03984375 0.1125
40 0.58671875 0.4840277777777778 0.0390625 0.10138888888888889
4 0.916015625 0.5770833333333333 0.03359375 0.18194444444444444