32 0.180078125 0.5020833333333333 0.03203125 0.07083333333333333
18 0.80234375 0.3993055555555556 0.0453125 0.04861111111111111
18 0.777734375 0.3263888888888889 0.04921875 0.05
13 0.24375 0.5930555555555556 0.0234375 0.041666666666666664
13 0.221484375 0.325 0.02578125 0.041666666666666664
13 0.252734375 0.06319444444444444 0.02578125 0.043055555555555555
13 0.29609375 0.16875 0.025 0.043055555555555555
13 0.305859375 0.21805555555555556 0.02421875 0.041666666666666664
13 0.316015625 0.2743055555555556 0.01953125 0.03194444444444444
13 0.3296875 0.32222222222222224 0.0234375 0.044444444444444446
13 0.346484375 0.3527777777777778 0.01953125 0.03888888888888889
13 0.3640625 0.3680555555555556 0.0234375 0.03611111111111111
13 0.380859375 0.38680555555555557 0.01953125 0.04027777777777778
13 0.39765625 0.38263888888888886 0.0296875 0.043055555555555555
13 0.412890625 0.2590277777777778 0.02265625 0.043055555555555555
13 0.314453125 0.8277777777777777 0.01953125 0.05
13 0.5625 0.7645833333333333 0.021875 0.04583333333333333
13 0.43515625 0.5597222222222222 0.025 0.044444444444444446
13 0.731640625 0.7729166666666667 0.02421875 0.04583333333333333
13 0.86640625 0.5895833333333333 0.021875 0.04027777777777778
13 0.9015625 0.29097222222222224 0.021875 0.04027777777777778
13 0.82265625 0.027083333333333334 0.021875 0.04027777777777778
13 0.501171875 0.011111111111111112 0.02421875 0.022222222222222223
10 0.474609375 0.3368055555555556 0.05234375 0.1597222222222222
17 0.1484375 0.9423611111111111 0.0765625 0.08194444444444444