32 0.23828125 0.24444444444444444 0.034375 0.07222222222222222
14 0.7390625 0.5 0.0328125 0.09166666666666666
18 0.639453125 0.2625 0.02578125 0.06944444444444445
14 0.452734375 0.8319444444444445 0.03515625 0.09166666666666666
6 0.228515625 0.7215277777777778 0.03671875 0.10972222222222222
13 0.338671875 0.53125 0.02578125 0.043055555555555555
13 0.360546875 0.5131944444444444 0.02421875 0.04583333333333333
13 0.306640625 0.4444444444444444 0.02578125 0.041666666666666664
13 0.242578125 0.41875 0.02265625 0.04861111111111111
13 0.1734375 0.42430555555555555 0.0265625 0.04861111111111111
13 0.282421875 0.23333333333333334 0.02265625 0.041666666666666664
13 0.525390625 0.5493055555555556 0.02265625 0.04027777777777778
13 0.55078125 0.7277777777777777 0.0265625 0.03888888888888889
40 0.352734375 0.8576388888888888 0.04296875 0.14027777777777778
40 0.785546875 0.4444444444444444 0.04296875 0.1361111111111111
45 0.566796875 0.6576388888888889 0.18203125 0.24027777777777778