32 0.4546875 0.7951388888888888 0.03125 0.07916666666666666
30 0.0765625 0.3375 0.034375 0.15833333333333333
14 0.46953125 0.18472222222222223 0.0265625 0.08333333333333333
3 0.29296875 0.5090277777777777 0.0421875 0.08472222222222223
44 0.523046875 0.41388888888888886 0.13515625 0.23333333333333334
13 0.29375 0.5930555555555556 0.0234375 0.04722222222222222
13 0.291015625 0.6791666666666667 0.02421875 0.04722222222222222
13 0.307421875 0.7722222222222223 0.02265625 0.044444444444444446
13 0.233984375 0.8284722222222223 0.02421875 0.04583333333333333
41 0.2890625 0.29583333333333334 0.1328125 0.2361111111111111
40 0.41171875 0.2902777777777778 0.0421875 0.13055555555555556
40 0.434375 0.6659722222222222 0.0703125 0.09027777777777778
40 0.678125 0.7069444444444445 0.0421875 0.13333333333333333
40 0.64375 0.2388888888888889 0.04375 0.10555555555555556
4 0.973828125 0.3284722222222222 0.03515625 0.17083333333333334