32 0.534765625 0.7291666666666666 0.02890625 0.06388888888888888
30 0.097265625 0.1486111111111111 0.03359375 0.15555555555555556
30 0.345703125 0.8694444444444445 0.06484375 0.14166666666666666
14 0.4109375 0.33819444444444446 0.0359375 0.09027777777777778
44 0.545703125 0.2263888888888889 0.13515625 0.2388888888888889
13 0.796484375 0.36527777777777776 0.02265625 0.044444444444444446
41 0.309765625 0.11458333333333333 0.13515625 0.22916666666666666
40 0.45546875 0.4423611111111111 0.06875 0.07361111111111111
40 0.681640625 0.5048611111111111 0.02265625 0.1486111111111111
40 0.4328125 0.10277777777777777 0.040625 0.1361111111111111
40 0.665234375 0.05 0.04296875 0.1