32 0.883203125 0.4909722222222222 0.03203125 0.07916666666666666
30 0.9921875 0.43819444444444444 0.015625 0.1597222222222222
18 0.46484375 0.39861111111111114 0.05 0.05
18 0.43984375 0.33125 0.05 0.04583333333333333
13 0.609375 0.17847222222222223 0.021875 0.043055555555555555
13 0.325390625 0.022222222222222223 0.02265625 0.044444444444444446
13 0.05078125 0.22847222222222222 0.0234375 0.04583333333333333
13 0.79921875 0.041666666666666664 0.025 0.05
13 0.9171875 0.3645833333333333 0.021875 0.043055555555555555
13 0.69609375 0.6645833333333333 0.021875 0.04027777777777778
13 0.712890625 0.6541666666666667 0.02265625 0.041666666666666664
13 0.728515625 0.6347222222222222 0.02265625 0.041666666666666664
13 0.751953125 0.6479166666666667 0.02265625 0.04027777777777778
13 0.77109375 0.6208333333333333 0.021875 0.044444444444444446
13 0.776171875 0.6625 0.02265625 0.03611111111111111
13 0.7984375 0.6930555555555555 0.0234375 0.044444444444444446
13 0.819140625 0.7354166666666667 0.02265625 0.04027777777777778
13 0.8359375 0.7833333333333333 0.0234375 0.041666666666666664
13 0.848046875 0.8395833333333333 0.02109375 0.04583333333333333
13 0.857421875 0.91875 0.02109375 0.04027777777777778
13 0.858984375 0.9909722222222223 0.02421875 0.018055555555555554
10 0.63828125 0.6902777777777778 0.046875 0.14722222222222223