32 0.47109375 0.7340277777777777 0.0328125 0.0763888888888889
30 0.091015625 0.27708333333333335 0.03515625 0.1597222222222222
30 0.337109375 0.9631944444444445 0.06328125 0.07361111111111111
14 0.417578125 0.1125 0.03046875 0.09444444444444444
3 0.37421875 0.6083333333333333 0.0453125 0.06944444444444445
44 0.537890625 0.3527777777777778 0.13359375 0.225
13 0.4328125 0.32708333333333334 0.021875 0.04027777777777778
41 0.303515625 0.23472222222222222 0.13359375 0.2361111111111111
40 0.4484375 0.6090277777777777 0.06875 0.09027777777777778
40 0.691796875 0.6465277777777778 0.04296875 0.13472222222222222
40 0.425 0.23333333333333334 0.0421875 0.1388888888888889
40 0.659375 0.18055555555555555 0.0453125 0.1