32 0.568359375 0.5368055555555555 0.03203125 0.07361111111111111
18 0.560546875 0.14583333333333334 0.04921875 0.05
18 0.5328125 0.07777777777777778 0.0484375 0.05
13 0.36484375 0.8743055555555556 0.021875 0.043055555555555555
13 0.2765625 0.8215277777777777 0.021875 0.043055555555555555
13 0.17734375 0.7979166666666667 0.01875 0.04027777777777778
13 0.326171875 0.69375 0.02265625 0.04583333333333333
13 0.406640625 0.6145833333333334 0.02109375 0.043055555555555555
13 0.35234375 0.5506944444444445 0.01875 0.04027777777777778
13 0.346484375 0.39375 0.01953125 0.04027777777777778
13 0.396484375 0.34930555555555554 0.02109375 0.04027777777777778
13 0.310546875 0.2520833333333333 0.02109375 0.043055555555555555
13 0.3359375 0.10416666666666667 0.021875 0.041666666666666664
13 0.1546875 0.22777777777777777 0.021875 0.04722222222222222
13 0.237890625 0.53125 0.02265625 0.04583333333333333
13 0.24140625 0.4798611111111111 0.0234375 0.04027777777777778
13 0.242578125 0.5152777777777777 0.02109375 0.03888888888888889
10 0.159765625 0.4861111111111111 0.05546875 0.14722222222222223