32 0.62890625 0.5430555555555555 0.028125 0.06666666666666667
30 0.11015625 0.23819444444444443 0.0328125 0.1597222222222222
30 0.35703125 0.9444444444444444 0.0625 0.1111111111111111
14 0.40859375 0.4409722222222222 0.028125 0.07916666666666666
1 0.25234375 0.6569444444444444 0.021875 0.03888888888888889
1 0.3125 0.6951388888888889 0.025 0.029166666666666667
1 0.326171875 0.6472222222222223 0.02578125 0.027777777777777776
41 0.32421875 0.20208333333333334 0.13125 0.2375
40 0.4671875 0.5659722222222222 0.06875 0.09027777777777778
40 0.7109375 0.6090277777777777 0.0421875 0.13194444444444445
40 0.4453125 0.1909722222222222 0.0421875 0.13472222222222222
40 0.678515625 0.14027777777777778 0.04296875 0.10277777777777777