32 0.546875 0.5402777777777777 0.0296875 0.075
18 0.765625 0.14097222222222222 0.046875 0.04583333333333333
14 0.740234375 0.06805555555555555 0.04765625 0.044444444444444446
13 0.30078125 0.63125 0.0265625 0.043055555555555555
13 0.313671875 0.5513888888888889 0.02109375 0.03888888888888889
13 0.310546875 0.46319444444444446 0.02578125 0.04027777777777778
13 0.291796875 0.3909722222222222 0.02265625 0.043055555555555555
13 0.258203125 0.33194444444444443 0.02421875 0.044444444444444446
13 0.215234375 0.29375 0.02265625 0.043055555555555555
13 0.16796875 0.28541666666666665 0.021875 0.0375
13 0.123046875 0.3034722222222222 0.02109375 0.04027777777777778
13 0.0828125 0.3506944444444444 0.0234375 0.04027777777777778
13 0.057421875 0.42083333333333334 0.02265625 0.044444444444444446
13 0.043359375 0.5027777777777778 0.02421875 0.044444444444444446
13 0.048046875 0.5819444444444445 0.02109375 0.044444444444444446
13 0.06484375 0.6583333333333333 0.025 0.041666666666666664
13 0.0984375 0.7208333333333333 0.0234375 0.044444444444444446
13 0.14140625 0.7583333333333333 0.0234375 0.03888888888888889
13 0.1890625 0.7680555555555556 0.021875 0.041666666666666664
13 0.23515625 0.7479166666666667 0.025 0.0375
13 0.273046875 0.6993055555555555 0.02265625 0.04027777777777778
13 0.184765625 0.5708333333333333 0.02265625 0.03888888888888889
13 0.1671875 0.5666666666666667 0.0203125 0.03888888888888889
13 0.155859375 0.5423611111111111 0.02109375 0.04027777777777778
13 0.15390625 0.5111111111111111 0.021875 0.041666666666666664
13 0.1640625 0.4861111111111111 0.021875 0.041666666666666664
13 0.2 0.5520833333333334 0.025 0.0375
13 0.203515625 0.5229166666666667 0.01953125 0.034722222222222224
10 0.21171875 0.46111111111111114 0.0515625 0.1388888888888889
17 0.11171875 0.6881944444444444 0.0734375 0.0763888888888889