32 0.503515625 0.5048611111111111 0.02890625 0.07361111111111111
42 0.4546875 0.26180555555555557 0.065625 0.12361111111111112
18 0.616796875 0.8520833333333333 0.04140625 0.04583333333333333
16 0.94296875 0.7854166666666667 0.059375 0.04583333333333333
13 0.316015625 0.63125 0.02265625 0.043055555555555555
13 0.308984375 0.9888888888888889 0.02265625 0.022222222222222223
41 0.08671875 0.8625 0.1375 0.24166666666666667
26 0.51171875 0.8256944444444444 0.028125 0.04583333333333333
40 0.464453125 0.6354166666666666 0.06796875 0.09027777777777778
40 0.308203125 0.8555555555555555 0.04296875 0.1361111111111111
40 0.575 0.8541666666666666 0.0421875 0.1361111111111111