32 0.28828125 0.5243055555555556 0.025 0.07361111111111111
18 0.80390625 0.5111111111111111 0.046875 0.05
18 0.776953125 0.44027777777777777 0.04453125 0.041666666666666664
13 0.583984375 0.6715277777777777 0.02109375 0.04583333333333333
13 0.549609375 0.6173611111111111 0.02421875 0.04583333333333333
13 0.525390625 0.5402777777777777 0.02265625 0.05277777777777778
13 0.51953125 0.45902777777777776 0.021875 0.04583333333333333
13 0.5296875 0.37777777777777777 0.025 0.044444444444444446
13 0.555859375 0.3055555555555556 0.02421875 0.041666666666666664
13 0.5921875 0.2534722222222222 0.021875 0.04583333333333333
13 0.637890625 0.225 0.02421875 0.03611111111111111
13 0.684765625 0.22916666666666666 0.02265625 0.041666666666666664
13 0.72734375 0.25972222222222224 0.0234375 0.041666666666666664
13 0.763671875 0.31527777777777777 0.02265625 0.044444444444444446
13 0.78359375 0.3875 0.0234375 0.041666666666666664
13 0.792578125 0.47430555555555554 0.02265625 0.043055555555555555
13 0.7828125 0.5590277777777778 0.021875 0.043055555555555555
13 0.758203125 0.6256944444444444 0.02421875 0.04027777777777778
13 0.720703125 0.6798611111111111 0.02109375 0.043055555555555555
13 0.67578125 0.7041666666666667 0.021875 0.041666666666666664
13 0.62734375 0.7020833333333333 0.021875 0.04027777777777778
13 0.665625 0.5090277777777777 0.0203125 0.04027777777777778
13 0.646484375 0.5104166666666666 0.02421875 0.04027777777777778
13 0.63203125 0.4875 0.0234375 0.03888888888888889
13 0.67890625 0.49027777777777776 0.025 0.03888888888888889
13 0.683203125 0.46041666666666664 0.02109375 0.04027777777777778
13 0.672265625 0.43194444444444446 0.02578125 0.03611111111111111
13 0.66015625 0.4222222222222222 0.0203125 0.041666666666666664
10 0.626171875 0.4027777777777778 0.06171875 0.14444444444444443