32 0.25234375 0.48125 0.03125 0.07083333333333333
18 0.619921875 0.38125 0.02265625 0.06805555555555555
14 0.771875 0.6659722222222222 0.03125 0.07916666666666666
6 0.187890625 0.8833333333333333 0.02890625 0.10833333333333334
13 0.36484375 0.8673611111111111 0.021875 0.04027777777777778
13 0.353125 0.7833333333333333 0.01875 0.041666666666666664
13 0.326171875 0.7152777777777778 0.02109375 0.044444444444444446
13 0.287890625 0.6645833333333333 0.01796875 0.0375
13 0.245703125 0.6416666666666667 0.02109375 0.041666666666666664
13 0.223046875 0.8381944444444445 0.02109375 0.034722222222222224
13 0.1984375 0.8305555555555556 0.021875 0.04722222222222222
40 0.76484375 0.5548611111111111 0.04375 0.1375
40 0.33203125 0.9541666666666667 0.040625 0.09166666666666666
45 0.5453125 0.7736111111111111 0.178125 0.24722222222222223