32 0.451171875 0.5305555555555556 0.03046875 0.07222222222222222
30 0.01484375 0.6020833333333333 0.0296875 0.15694444444444444
30 0.360546875 0.08125 0.06640625 0.1375
14 0.659375 0.29305555555555557 0.03125 0.08888888888888889
14 0.278515625 0.8340277777777778 0.03359375 0.09027777777777778
13 0.325 0.475 0.0234375 0.041666666666666664
13 0.348828125 0.6236111111111111 0.02265625 0.041666666666666664
40 0.18046875 0.5527777777777778 0.0421875 0.13055555555555556
40 0.18046875 0.8486111111111111 0.0421875 0.13333333333333333
40 0.337109375 0.6916666666666667 0.06640625 0.09444444444444444
40 0.50390625 0.6909722222222222 0.0671875 0.09027777777777778