32 0.453125 0.35694444444444445 0.03125 0.07222222222222222
30 0.078125 0.49444444444444446 0.0359375 0.16111111111111112
14 0.321875 0.8076388888888889 0.0265625 0.06527777777777778
18 0.255078125 0.9263888888888889 0.03828125 0.06944444444444445
14 0.617578125 0.7805555555555556 0.03828125 0.06388888888888888
18 0.825 0.15138888888888888 0.0375 0.06111111111111111
18 0.29140625 0.9736111111111111 0.034375 0.05277777777777778
34 0.39765625 0.7159722222222222 0.0390625 0.10694444444444444
34 0.909765625 0.8756944444444444 0.02890625 0.11527777777777778
13 0.434765625 0.6416666666666667 0.02265625 0.04722222222222222
40 0.246875 0.44722222222222224 0.0421875 0.1361111111111111
40 0.5703125 0.5847222222222223 0.0671875 0.09166666666666666
40 0.24609375 0.7416666666666667 0.0421875 0.13055555555555556
40 0.402734375 0.5847222222222223 0.06796875 0.08888888888888889