32 0.244140625 0.30069444444444443 0.02890625 0.07361111111111111
30 0.08125 0.9229166666666667 0.0359375 0.15416666666666667
14 0.65703125 0.40208333333333335 0.028125 0.0875
18 0.639453125 0.2263888888888889 0.02578125 0.07222222222222222
14 0.38828125 0.6715277777777777 0.0265625 0.08194444444444444
6 0.24140625 0.7604166666666666 0.0359375 0.10416666666666667
13 0.320703125 0.5555555555555556 0.02109375 0.041666666666666664
13 0.728125 0.3472222222222222 0.0234375 0.03888888888888889
13 0.771484375 0.6611111111111111 0.02421875 0.041666666666666664
40 0.350390625 0.8173611111111111 0.04296875 0.13472222222222222
40 0.784375 0.4027777777777778 0.0421875 0.13333333333333333
45 0.563671875 0.6152777777777778 0.17890625 0.24166666666666667