32 0.243359375 0.49930555555555556 0.03203125 0.07916666666666666
44 0.56875 0.40208333333333335 0.2671875 0.18194444444444444
13 0.5296875 0.6527777777777778 0.01875 0.03333333333333333
13 0.529296875 0.7125 0.02109375 0.03888888888888889
13 0.529296875 0.6881944444444444 0.02109375 0.03194444444444444
13 0.57890625 0.7125 0.021875 0.03888888888888889
13 0.5296875 0.6145833333333334 0.021875 0.0375
13 0.574609375 0.6972222222222222 0.02265625 0.03611111111111111
13 0.52890625 0.5909722222222222 0.01875 0.03194444444444444
13 0.56796875 0.6854166666666667 0.0203125 0.0375
13 0.56328125 0.6729166666666667 0.021875 0.0375
13 0.558984375 0.6611111111111111 0.01953125 0.03333333333333333
13 0.55078125 0.59375 0.0203125 0.04027777777777778
13 0.56328125 0.5895833333333333 0.0203125 0.0375
13 0.5734375 0.5958333333333333 0.021875 0.03611111111111111
13 0.579296875 0.6111111111111112 0.02109375 0.03333333333333333
13 0.57890625 0.6305555555555555 0.0203125 0.030555555555555555
13 0.5734375 0.6465277777777778 0.021875 0.0375