32 0.415625 0.4618055555555556 0.0296875 0.07083333333333333
18 0.961328125 0.17430555555555555 0.04609375 0.05138888888888889
18 0.936328125 0.10625 0.04765625 0.04583333333333333
13 0.49140625 0.625 0.0234375 0.041666666666666664
13 0.467578125 0.5916666666666667 0.02109375 0.03888888888888889
13 0.450390625 0.5430555555555555 0.02421875 0.04722222222222222
13 0.47265625 0.34097222222222223 0.0265625 0.04583333333333333
13 0.491015625 0.23541666666666666 0.02578125 0.04861111111111111
13 0.51796875 0.13958333333333334 0.025 0.034722222222222224
13 0.54921875 0.07430555555555556 0.025 0.04583333333333333
13 0.584375 0.01875 0.025 0.0375
13 0.39765625 0.17916666666666667 0.025 0.044444444444444446
13 0.332421875 0.19027777777777777 0.02421875 0.044444444444444446
13 0.270703125 0.15069444444444444 0.02578125 0.043055555555555555
9 0.30625 0.8208333333333333 0.05 0.1361111111111111