32 0.121484375 0.5083333333333333 0.03046875 0.06944444444444445
18 0.5671875 0.09583333333333334 0.0265625 0.06944444444444445
18 0.536328125 0.04027777777777778 0.03515625 0.06111111111111111
28 0.508984375 0.33055555555555555 0.03046875 0.09166666666666666
28 0.560546875 0.18125 0.03359375 0.0763888888888889
13 0.114453125 0.40347222222222223 0.02265625 0.04027777777777778
13 0.15078125 0.3819444444444444 0.025 0.041666666666666664
13 0.199609375 0.3076388888888889 0.02421875 0.0375
13 0.25078125 0.3861111111111111 0.0234375 0.03888888888888889
13 0.30703125 0.4048611111111111 0.0171875 0.04027777777777778
13 0.351171875 0.37083333333333335 0.02421875 0.044444444444444446
13 0.40234375 0.37916666666666665 0.025 0.041666666666666664
41 0.51640625 0.36875 0.1328125 0.2375