32 0.3046875 0.49027777777777776 0.03125 0.07222222222222222
14 0.657421875 0.4583333333333333 0.03359375 0.08611111111111111
14 0.744140625 0.5222222222222223 0.03828125 0.08333333333333333
13 0.605859375 0.1763888888888889 0.01796875 0.03888888888888889
13 0.58203125 0.5506944444444445 0.0265625 0.04583333333333333
13 0.72421875 0.6409722222222223 0.025 0.04861111111111111
13 0.743359375 0.5840277777777778 0.02265625 0.04027777777777778
13 0.765234375 0.5340277777777778 0.02109375 0.043055555555555555
13 0.790234375 0.48819444444444443 0.02421875 0.043055555555555555
13 0.815625 0.4486111111111111 0.025 0.03888888888888889
13 0.845703125 0.41944444444444445 0.02265625 0.04722222222222222
13 0.87734375 0.40069444444444446 0.0234375 0.04027777777777778
13 0.6703125 0.9 0.0265625 0.044444444444444446
10 0.960546875 0.36944444444444446 0.04765625 0.14722222222222223