32 0.378515625 0.5 0.02890625 0.07222222222222222
18 0.23515625 0.32013888888888886 0.05 0.04861111111111111
18 0.44921875 0.2604166666666667 0.05 0.04861111111111111
18 0.884765625 0.45625 0.02578125 0.06805555555555555
18 0.451171875 0.8673611111111111 0.03828125 0.06527777777777778
19 0.82734375 0.20972222222222223 0.04375 0.06944444444444445
1 0.603125 0.5166666666666667 0.021875 0.03611111111111111
1 0.625 0.5159722222222223 0.021875 0.04027777777777778
1 0.64296875 0.5131944444444444 0.0203125 0.034722222222222224
40 0.7109375 0.9493055555555555 0.0671875 0.09027777777777778
40 0.84453125 0.9493055555555555 0.0671875 0.09027777777777778