32 0.576953125 0.6236111111111111 0.03046875 0.06666666666666667
30 0.08828125 0.22083333333333333 0.0328125 0.15555555555555556
30 0.336328125 0.9347222222222222 0.06328125 0.13055555555555556
14 0.388671875 0.08333333333333333 0.02734375 0.08055555555555556
3 0.444921875 0.6201388888888889 0.04609375 0.08472222222222223
41 0.302734375 0.17916666666666667 0.13203125 0.2361111111111111
40 0.4453125 0.5430555555555555 0.06875 0.08333333333333333
40 0.68984375 0.5875 0.0421875 0.13055555555555556
40 0.42265625 0.16875 0.0421875 0.1375
40 0.6578125 0.12083333333333333 0.0421875 0.1
4 0.984765625 0.2076388888888889 0.03046875 0.1763888888888889