32 0.337890625 0.49236111111111114 0.02890625 0.07916666666666666
18 0.78203125 0.5368055555555555 0.046875 0.04583333333333333
18 0.75625 0.4673611111111111 0.046875 0.05138888888888889
13 0.58671875 0.7888888888888889 0.0203125 0.044444444444444446
13 0.55234375 0.7319444444444444 0.0234375 0.03611111111111111
13 0.52734375 0.6666666666666666 0.0203125 0.041666666666666664
13 0.5078125 0.5965277777777778 0.01875 0.04027777777777778
13 0.496875 0.5159722222222223 0.0203125 0.04027777777777778
13 0.493359375 0.43125 0.02421875 0.043055555555555555
13 0.49609375 0.3527777777777778 0.0234375 0.04722222222222222
13 0.50859375 0.2743055555555556 0.021875 0.043055555555555555
13 0.526171875 0.20208333333333334 0.02109375 0.043055555555555555
13 0.387890625 0.27569444444444446 0.01796875 0.0375
13 0.27109375 0.3784722222222222 0.0265625 0.0375
13 0.390625 0.5743055555555555 0.0234375 0.043055555555555555
13 0.4484375 0.8527777777777777 0.0203125 0.03888888888888889
13 0.30234375 0.8111111111111111 0.021875 0.044444444444444446
10 0.691015625 0.42083333333333334 0.05859375 0.14722222222222223