32 0.15 0.5194444444444445 0.028125 0.075
13 0.35234375 0.6270833333333333 0.021875 0.04861111111111111
13 0.35234375 0.43333333333333335 0.0234375 0.044444444444444446
13 0.40859375 0.2708333333333333 0.025 0.03888888888888889
13 0.498828125 0.17291666666666666 0.02421875 0.04583333333333333
13 0.60625 0.17569444444444443 0.021875 0.04583333333333333
13 0.698828125 0.26875 0.02578125 0.04583333333333333
13 0.7515625 0.43333333333333335 0.0265625 0.04722222222222222
13 0.753515625 0.625 0.02578125 0.044444444444444446
13 0.7 0.7895833333333333 0.021875 0.04027777777777778
13 0.405859375 0.7881944444444444 0.02265625 0.043055555555555555
9 0.53203125 0.4895833333333333 0.05625 0.1486111111111111