32 0.239453125 0.5006944444444444 0.02890625 0.0763888888888889
18 0.83359375 0.5152777777777777 0.0453125 0.05
18 0.808984375 0.44166666666666665 0.04453125 0.044444444444444446
13 0.249609375 0.7736111111111111 0.01953125 0.04722222222222222
13 0.22265625 0.5965277777777778 0.025 0.043055555555555555
13 0.116015625 0.6576388888888889 0.02421875 0.04583333333333333
13 0.2125 0.41180555555555554 0.0203125 0.04027777777777778
13 0.22265625 0.2326388888888889 0.025 0.04027777777777778
13 0.115234375 0.15416666666666667 0.02265625 0.041666666666666664
13 0.2484375 0.05625 0.021875 0.0375
10 0.68828125 0.4166666666666667 0.05 0.1388888888888889