32 0.21640625 0.5652777777777778 0.03125 0.05277777777777778
18 0.834765625 0.06944444444444445 0.04609375 0.04722222222222222
13 0.314453125 0.3597222222222222 0.02265625 0.041666666666666664
13 0.305859375 0.38263888888888886 0.02421875 0.034722222222222224
13 0.27265625 0.3972222222222222 0.0203125 0.041666666666666664
13 0.238671875 0.38125 0.02265625 0.04027777777777778
13 0.201953125 0.3472222222222222 0.02265625 0.03888888888888889
13 0.16484375 0.2972222222222222 0.021875 0.041666666666666664
13 0.133984375 0.25972222222222224 0.02109375 0.041666666666666664
13 0.11015625 0.2222222222222222 0.0234375 0.03611111111111111
13 0.0859375 0.17152777777777778 0.01875 0.043055555555555555
13 0.065625 0.1111111111111111 0.01875 0.041666666666666664
13 0.201953125 0.48125 0.02421875 0.043055555555555555
13 0.108984375 0.8277777777777777 0.02421875 0.041666666666666664
10 0.355859375 0.16180555555555556 0.05859375 0.14305555555555555
17 0.183203125 0.6152777777777778 0.07421875 0.075