32 0.23515625 0.6416666666666667 0.0296875 0.06944444444444445
30 0.023046875 0.35833333333333334 0.03671875 0.15833333333333333
14 0.498828125 0.25416666666666665 0.03203125 0.08055555555555556
28 0.33515625 0.16527777777777777 0.0296875 0.08611111111111111
3 0.225 0.24791666666666667 0.040625 0.0763888888888889
13 0.16015625 0.45069444444444445 0.021875 0.04027777777777778
13 0.196484375 0.41458333333333336 0.02109375 0.0375
13 0.26328125 0.39652777777777776 0.021875 0.0375
13 0.288671875 0.325 0.02109375 0.03888888888888889
41 0.238671875 0.3173611111111111 0.13203125 0.24027777777777778
40 0.359375 0.3111111111111111 0.0421875 0.1361111111111111
40 0.5921875 0.2569444444444444 0.0421875 0.1
40 0.381640625 0.6840277777777778 0.06796875 0.09027777777777778
40 0.625390625 0.7263888888888889 0.04140625 0.1361111111111111
4 0.923046875 0.34791666666666665 0.03359375 0.17916666666666667