32 0.576953125 0.4465277777777778 0.02890625 0.06805555555555555
30 0.089453125 0.3958333333333333 0.03671875 0.16111111111111112
14 0.391796875 0.6201388888888889 0.03203125 0.08194444444444444
18 0.334375 0.7118055555555556 0.025 0.07083333333333333
18 0.2671875 0.83125 0.040625 0.07361111111111111
18 0.303515625 0.8791666666666667 0.03671875 0.06111111111111111
18 0.629296875 0.6826388888888889 0.03984375 0.059722222222222225
18 0.837109375 0.05486111111111111 0.03515625 0.059722222222222225
34 0.819140625 0.6895833333333333 0.03046875 0.1125
19 0.458984375 0.6444444444444445 0.02734375 0.07777777777777778
13 0.487109375 0.5256944444444445 0.02265625 0.043055555555555555
40 0.258203125 0.3506944444444444 0.04296875 0.13472222222222222
40 0.259375 0.6472222222222223 0.0421875 0.1361111111111111
40 0.415625 0.4888888888888889 0.0671875 0.09166666666666666
40 0.581640625 0.5104166666666666 0.06796875 0.08472222222222223