32 0.546484375 0.2638888888888889 0.03203125 0.075
14 0.490234375 0.6041666666666666 0.03359375 0.08333333333333333
14 0.382421875 0.6173611111111111 0.02734375 0.08194444444444444
14 0.418359375 0.6569444444444444 0.03359375 0.08055555555555556
18 0.463671875 0.9520833333333333 0.02734375 0.07083333333333333
34 0.408984375 0.5340277777777778 0.03984375 0.10694444444444444
34 0.40390625 0.7729166666666667 0.0375 0.10694444444444444
13 0.345703125 0.3159722222222222 0.02109375 0.04027777777777778
13 0.37734375 0.32222222222222224 0.0203125 0.03888888888888889
13 0.332421875 0.48055555555555557 0.01953125 0.044444444444444446
13 0.3796875 0.4895833333333333 0.0234375 0.043055555555555555
13 0.35 0.48055555555555557 0.0203125 0.041666666666666664
13 0.36640625 0.4847222222222222 0.0234375 0.044444444444444446
13 0.28984375 0.2534722222222222 0.0234375 0.043055555555555555
13 0.304296875 0.23333333333333334 0.02265625 0.03888888888888889
13 0.319140625 0.21875 0.02265625 0.043055555555555555
13 0.333984375 0.20555555555555555 0.01953125 0.041666666666666664