32 0.603515625 0.3645833333333333 0.03046875 0.06805555555555555
30 0.943359375 0.7388888888888889 0.03828125 0.15833333333333333
14 0.608203125 0.6833333333333333 0.03203125 0.08333333333333333
18 0.170703125 0.6763888888888889 0.05078125 0.04722222222222222
34 0.408984375 0.7631944444444444 0.03671875 0.10972222222222222
3 0.2109375 0.6229166666666667 0.04375 0.0763888888888889
15 0.78359375 0.4652777777777778 0.05625 0.03333333333333333
13 0.4140625 0.33194444444444443 0.0234375 0.03611111111111111
13 0.376953125 0.33055555555555555 0.02265625 0.041666666666666664
13 0.33984375 0.3284722222222222 0.0203125 0.0375
13 0.302734375 0.34305555555555556 0.01953125 0.03888888888888889
13 0.266015625 0.3590277777777778 0.01953125 0.034722222222222224
40 0.433984375 0.2986111111111111 0.06640625 0.09166666666666666
40 0.56796875 0.3 0.06875 0.09444444444444444
40 0.701171875 0.29791666666666666 0.06640625 0.09027777777777778