32 0.81875 0.5305555555555556 0.03125 0.075
30 0.974609375 0.1763888888888889 0.03515625 0.15833333333333333
43 0.504296875 0.21597222222222223 0.02578125 0.0875
34 0.5546875 0.4722222222222222 0.028125 0.10833333333333334
13 0.586328125 0.33402777777777776 0.02109375 0.043055555555555555
13 0.68671875 0.46597222222222223 0.021875 0.043055555555555555
13 0.84140625 0.41388888888888886 0.021875 0.03888888888888889
13 0.798828125 0.32083333333333336 0.02109375 0.03888888888888889
13 0.752734375 0.20833333333333334 0.02109375 0.03888888888888889
13 0.76640625 0.2326388888888889 0.021875 0.04027777777777778
13 0.779296875 0.25972222222222224 0.02265625 0.03888888888888889
13 0.78984375 0.2881944444444444 0.021875 0.04027777777777778
40 0.40859375 0.1909722222222222 0.040625 0.13472222222222222
40 0.708984375 0.18888888888888888 0.04296875 0.13333333333333333
40 0.408984375 0.48541666666666666 0.04296875 0.13472222222222222
40 0.709765625 0.4861111111111111 0.04296875 0.13333333333333333