32 0.926953125 0.5034722222222222 0.03515625 0.07361111111111111
13 0.56953125 0.6729166666666667 0.025 0.043055555555555555
13 0.62890625 0.6923611111111111 0.0265625 0.04583333333333333
13 0.680859375 0.7472222222222222 0.02421875 0.04722222222222222
13 0.743359375 0.7333333333333333 0.02421875 0.04722222222222222
13 0.846875 0.6888888888888889 0.0265625 0.044444444444444446
13 0.804296875 0.6590277777777778 0.02421875 0.043055555555555555
13 0.798046875 0.6340277777777777 0.02109375 0.043055555555555555
13 0.851171875 0.8715277777777778 0.02734375 0.04027777777777778
13 0.837890625 0.8576388888888888 0.02578125 0.04583333333333333
10 0.58515625 0.24930555555555556 0.0578125 0.1375
9 0.295703125 0.6805555555555556 0.05859375 0.1361111111111111