32 0.509765625 0.4083333333333333 0.02734375 0.075
30 0.6078125 0.05138888888888889 0.0640625 0.10277777777777777
14 0.62578125 0.6534722222222222 0.03125 0.0875
18 0.223828125 0.7305555555555555 0.04609375 0.04722222222222222
34 0.44453125 0.8881944444444444 0.0375 0.1125
3 0.173046875 0.7548611111111111 0.03671875 0.07916666666666666
15 0.835546875 0.51875 0.05546875 0.03194444444444444
13 0.35234375 0.6020833333333333 0.0234375 0.04027777777777778
13 0.377734375 0.5881944444444445 0.02109375 0.043055555555555555
13 0.40234375 0.5826388888888889 0.0203125 0.04027777777777778
13 0.428515625 0.5784722222222223 0.02109375 0.0375
13 0.45390625 0.58125 0.0203125 0.04027777777777778
40 0.483984375 0.34930555555555554 0.06640625 0.08194444444444444
40 0.618359375 0.3527777777777778 0.06640625 0.08888888888888889
40 0.751171875 0.3527777777777778 0.06796875 0.08888888888888889