32 0.07109375 0.5152777777777777 0.03125 0.07222222222222222
18 0.7640625 0.06527777777777778 0.0453125 0.075
18 0.78515625 0.021527777777777778 0.05 0.043055555555555555
13 0.2421875 0.3909722222222222 0.025 0.04583333333333333
13 0.2546875 0.26944444444444443 0.0234375 0.044444444444444446
13 0.2734375 0.15555555555555556 0.0296875 0.044444444444444446
13 0.301171875 0.059722222222222225 0.02265625 0.03611111111111111
13 0.12890625 0.12361111111111112 0.021875 0.03333333333333333
13 0.13359375 0.09444444444444444 0.021875 0.03333333333333333
13 0.040234375 0.2652777777777778 0.02109375 0.03611111111111111
13 0.131640625 0.31319444444444444 0.02421875 0.043055555555555555
13 0.174609375 0.38958333333333334 0.02421875 0.04861111111111111
13 0.212890625 0.5125 0.02109375 0.044444444444444446
13 0.2359375 0.5222222222222223 0.0234375 0.041666666666666664
13 0.267578125 0.5854166666666667 0.02421875 0.04861111111111111
13 0.319140625 0.6041666666666666 0.02265625 0.05
13 0.23515625 0.6493055555555556 0.021875 0.043055555555555555
13 0.237109375 0.7666666666666667 0.02265625 0.03888888888888889
13 0.24765625 0.8861111111111111 0.0234375 0.03888888888888889
9 0.402734375 0.5819444444444445 0.06015625 0.1388888888888889