32 0.55546875 0.3548611111111111 0.03125 0.07083333333333333
30 0.353515625 0.06388888888888888 0.06484375 0.12777777777777777
30 0.01171875 0.5729166666666666 0.0234375 0.1625
18 0.75390625 0.23194444444444445 0.0375 0.058333333333333334
14 0.544921875 0.8590277777777777 0.03828125 0.059722222222222225
14 0.25 0.8868055555555555 0.0265625 0.07361111111111111
14 0.321484375 0.7680555555555556 0.03671875 0.08333333333333333
34 0.81328125 0.7951388888888888 0.028125 0.10972222222222222
34 0.372265625 0.8194444444444444 0.02734375 0.07777777777777778
40 0.173046875 0.5263888888888889 0.04453125 0.1361111111111111
40 0.330859375 0.6652777777777777 0.06640625 0.09166666666666666
40 0.496875 0.6659722222222222 0.0671875 0.09027777777777778
40 0.17421875 0.8236111111111111 0.0421875 0.13333333333333333