32 0.288671875 0.34097222222222223 0.02890625 0.0763888888888889
30 0.0421875 0.36666666666666664 0.0359375 0.1527777777777778
14 0.48125 0.7416666666666667 0.03125 0.09166666666666666
14 0.609375 0.8722222222222222 0.0359375 0.08888888888888889
14 0.534375 0.9458333333333333 0.0390625 0.08333333333333333
34 0.562890625 0.6097222222222223 0.03984375 0.10833333333333334
34 0.45390625 0.9395833333333333 0.0359375 0.10972222222222222
13 0.453125 0.4583333333333333 0.0234375 0.044444444444444446
13 0.493359375 0.46597222222222223 0.02421875 0.04583333333333333
13 0.5359375 0.4798611111111111 0.0234375 0.043055555555555555
13 0.329296875 0.28194444444444444 0.02265625 0.044444444444444446
13 0.396875 0.18194444444444444 0.021875 0.03888888888888889
4 0.22265625 0.07361111111111111 0.0671875 0.14722222222222223