32 0.2625 0.42569444444444443 0.03125 0.07083333333333333
18 0.887109375 0.3333333333333333 0.05078125 0.04722222222222222
18 0.86171875 0.26180555555555557 0.0453125 0.04861111111111111
13 0.71796875 0.33125 0.025 0.04027777777777778
13 0.74609375 0.28194444444444444 0.0234375 0.04722222222222222
13 0.776171875 0.24375 0.02421875 0.043055555555555555
13 0.8078125 0.21875 0.025 0.04583333333333333
13 0.84140625 0.20625 0.0234375 0.043055555555555555
13 0.874609375 0.20277777777777778 0.02578125 0.041666666666666664
13 0.909375 0.2048611111111111 0.021875 0.0375
13 0.94296875 0.21666666666666667 0.021875 0.03888888888888889
13 0.22578125 0.8763888888888889 0.021875 0.044444444444444446
10 0.990234375 0.1909722222222222 0.01953125 0.13472222222222222
9 0.23125 0.9506944444444444 0.046875 0.09305555555555556