32 0.740234375 0.5118055555555555 0.02890625 0.07916666666666666
18 0.5125 0.18680555555555556 0.0484375 0.04861111111111111
18 0.48671875 0.11388888888888889 0.0453125 0.05
13 0.562890625 0.8694444444444445 0.02421875 0.04722222222222222
13 0.59765625 0.7777777777777778 0.0234375 0.04722222222222222
13 0.618359375 0.6777777777777778 0.02578125 0.044444444444444446
13 0.631640625 0.575 0.02734375 0.044444444444444446
13 0.6359375 0.4673611111111111 0.021875 0.04583333333333333
13 0.628515625 0.36527777777777776 0.02578125 0.041666666666666664
13 0.611328125 0.2611111111111111 0.02265625 0.044444444444444446
13 0.583203125 0.1673611111111111 0.02265625 0.04027777777777778
13 0.735546875 0.27291666666666664 0.02578125 0.043055555555555555
13 0.858203125 0.41180555555555554 0.02109375 0.04027777777777778
13 0.73984375 0.6201388888888889 0.0265625 0.043055555555555555
13 0.825 0.8958333333333334 0.025 0.044444444444444446
10 0.396875 0.4722222222222222 0.0515625 0.1361111111111111