32 0.198828125 0.4423611111111111 0.03046875 0.07083333333333333
18 0.91953125 0.30416666666666664 0.0484375 0.044444444444444446
18 0.89296875 0.23333333333333334 0.05 0.05
13 0.31015625 0.45069444444444445 0.0234375 0.043055555555555555
13 0.36484375 0.29305555555555557 0.025 0.044444444444444446
13 0.417578125 0.33611111111111114 0.02421875 0.041666666666666664
13 0.4734375 0.3423611111111111 0.0265625 0.04583333333333333
13 0.528125 0.4083333333333333 0.025 0.044444444444444446
13 0.590234375 0.38819444444444445 0.02578125 0.043055555555555555
13 0.644140625 0.4340277777777778 0.02578125 0.04583333333333333
13 0.405078125 0.0625 0.02421875 0.041666666666666664
13 0.32265625 0.09236111111111112 0.0234375 0.04861111111111111
13 0.239453125 0.05555555555555555 0.02578125 0.04722222222222222
13 0.34921875 0.9888888888888889 0.021875 0.022222222222222223
10 0.791015625 0.38472222222222224 0.04609375 0.14166666666666666
9 0.29375 0.9076388888888889 0.046875 0.14305555555555555