32 0.2109375 0.5479166666666667 0.0296875 0.06805555555555555
30 0.0171875 0.48055555555555557 0.034375 0.15833333333333333
14 0.534765625 0.3972222222222222 0.03359375 0.08333333333333333
28 0.33203125 0.2743055555555556 0.0375 0.08194444444444444
3 0.221484375 0.17916666666666667 0.04296875 0.08055555555555556
44 0.464453125 0.5583333333333333 0.13515625 0.23333333333333334
13 0.18671875 0.3138888888888889 0.0234375 0.044444444444444446
13 0.273046875 0.36736111111111114 0.02109375 0.04583333333333333
13 0.144921875 0.20416666666666666 0.02421875 0.041666666666666664
13 0.11796875 0.12777777777777777 0.021875 0.041666666666666664
41 0.23046875 0.4444444444444444 0.134375 0.22777777777777777
40 0.353125 0.43333333333333335 0.04375 0.13333333333333333
40 0.375390625 0.8083333333333333 0.06953125 0.09166666666666666
40 0.619140625 0.8486111111111111 0.04296875 0.1361111111111111
40 0.58515625 0.38263888888888886 0.04375 0.10416666666666667
40 0.475 0.04375 0.0671875 0.08194444444444444
4 0.91484375 0.46875 0.034375 0.17916666666666667