32 0.88671875 0.6020833333333333 0.03125 0.07916666666666666
30 0.102734375 0.27152777777777776 0.03359375 0.15694444444444444
30 0.3515625 0.9604166666666667 0.0640625 0.07916666666666666
14 0.409765625 0.6291666666666667 0.02890625 0.08611111111111111
1 0.802734375 0.7861111111111111 0.01953125 0.030555555555555555
2 0.7625 0.7340277777777777 0.0296875 0.04861111111111111
44 0.5515625 0.34930555555555554 0.1359375 0.2375
13 0.508203125 0.6527777777777778 0.02421875 0.044444444444444446
41 0.318359375 0.22916666666666666 0.13359375 0.2361111111111111
40 0.462890625 0.5965277777777778 0.06796875 0.08472222222222223
40 0.4390625 0.2263888888888889 0.0421875 0.13333333333333333
40 0.673046875 0.17222222222222222 0.04296875 0.10833333333333334
40 0.684765625 0.6305555555555555 0.01953125 0.15