32 0.820703125 0.46805555555555556 0.03359375 0.07222222222222222
18 0.502734375 0.5618055555555556 0.04609375 0.04861111111111111
18 0.47734375 0.49236111111111114 0.0453125 0.05416666666666667
13 0.733984375 0.6888888888888889 0.02421875 0.041666666666666664
13 0.742578125 0.6555555555555556 0.02421875 0.041666666666666664
13 0.763671875 0.6326388888888889 0.02421875 0.043055555555555555
13 0.79453125 0.6291666666666667 0.025 0.03888888888888889
13 0.822265625 0.6395833333333333 0.02421875 0.043055555555555555
13 0.85625 0.6666666666666666 0.0234375 0.044444444444444446
13 0.8890625 0.7152777777777778 0.0265625 0.044444444444444446
13 0.917578125 0.7881944444444444 0.01953125 0.0375
13 0.940234375 0.8736111111111111 0.02421875 0.03888888888888889
13 0.953515625 0.9791666666666666 0.02265625 0.03611111111111111
10 0.69453125 0.7555555555555555 0.0609375 0.14722222222222223