32 0.291015625 0.7208333333333333 0.03671875 0.05555555555555555
30 0.260546875 0.9402777777777778 0.06640625 0.11944444444444445
7 0.548046875 0.5243055555555556 0.03203125 0.0625
44 0.526953125 0.27708333333333335 0.26796875 0.18472222222222223
13 0.047265625 0.6236111111111111 0.02109375 0.03888888888888889
13 0.068359375 0.5743055555555555 0.02109375 0.0375
13 0.078125 0.5298611111111111 0.021875 0.034722222222222224
13 0.091015625 0.4847222222222222 0.01953125 0.03333333333333333
13 0.10234375 0.4444444444444444 0.021875 0.041666666666666664
13 0.128125 0.42777777777777776 0.021875 0.03333333333333333
13 0.147265625 0.4201388888888889 0.02265625 0.04583333333333333
13 0.234375 0.6972222222222222 0.021875 0.041666666666666664
13 0.21640625 0.6756944444444445 0.0234375 0.0375
13 0.198046875 0.6451388888888889 0.02109375 0.0375
13 0.190625 0.6041666666666666 0.0234375 0.03888888888888889
13 0.1859375 0.5659722222222222 0.025 0.043055555555555555
13 0.184375 0.5208333333333334 0.0234375 0.03888888888888889
13 0.1703125 0.48333333333333334 0.0234375 0.041666666666666664
13 0.169921875 0.4486111111111111 0.02421875 0.03611111111111111
13 0.355078125 0.6791666666666667 0.02109375 0.041666666666666664
13 0.339453125 0.6888888888888889 0.02109375 0.04722222222222222
13 0.3234375 0.7013888888888888 0.0234375 0.041666666666666664
13 0.312109375 0.7090277777777778 0.02421875 0.04027777777777778
13 0.274609375 0.6986111111111111 0.02578125 0.03611111111111111