32 0.69296875 0.5229166666666667 0.0328125 0.06805555555555555
30 0.11015625 0.27847222222222223 0.034375 0.1625
30 0.358203125 0.9652777777777778 0.06328125 0.06944444444444445
14 0.41171875 0.5798611111111112 0.034375 0.08472222222222223
1 0.36015625 0.7868055555555555 0.0203125 0.034722222222222224
1 0.362109375 0.7291666666666666 0.01953125 0.030555555555555555
1 0.51015625 0.7319444444444444 0.021875 0.027777777777777776
1 0.523046875 0.6743055555555556 0.02421875 0.02638888888888889
41 0.32578125 0.24097222222222223 0.13125 0.24027777777777778
40 0.712890625 0.6444444444444445 0.04140625 0.1361111111111111
40 0.46875 0.6048611111111111 0.065625 0.09305555555555556
40 0.44609375 0.23125 0.0421875 0.1375
40 0.679296875 0.1798611111111111 0.04296875 0.10138888888888889