32 0.35546875 0.8194444444444444 0.03125 0.08055555555555556
13 0.64609375 0.6222222222222222 0.0234375 0.041666666666666664
13 0.625 0.5506944444444445 0.0203125 0.0375
13 0.611328125 0.4791666666666667 0.02421875 0.044444444444444446
13 0.603515625 0.4 0.02265625 0.044444444444444446
13 0.605859375 0.33541666666666664 0.02421875 0.04027777777777778
13 0.616796875 0.27361111111111114 0.02265625 0.03888888888888889
13 0.6359375 0.22430555555555556 0.0203125 0.0375
13 0.657421875 0.18680555555555556 0.02578125 0.04027777777777778
13 0.681640625 0.14444444444444443 0.02265625 0.03888888888888889
10 0.751171875 0.0625 0.04765625 0.125
9 0.49296875 0.21458333333333332 0.05625 0.14583333333333334