32 0.495703125 0.4673611111111111 0.02890625 0.07361111111111111
42 0.34921875 0.16458333333333333 0.0671875 0.12083333333333333
42 0.02265625 0.6763888888888889 0.0421875 0.17222222222222222
18 0.212890625 0.9736111111111111 0.03828125 0.05277777777777778
18 0.748046875 0.3416666666666667 0.03671875 0.058333333333333334
18 0.54140625 0.9694444444444444 0.0390625 0.06111111111111111
19 0.36953125 0.9284722222222223 0.0296875 0.0763888888888889
29 0.494921875 0.3902777777777778 0.03046875 0.05
40 0.170703125 0.6347222222222222 0.04453125 0.1361111111111111
40 0.326171875 0.7763888888888889 0.06796875 0.09166666666666666
40 0.493359375 0.7972222222222223 0.06796875 0.08333333333333333
40 0.169921875 0.93125 0.04453125 0.13194444444444445