32 0.883203125 0.49236111111111114 0.03203125 0.07361111111111111
18 0.507421875 0.07847222222222222 0.04609375 0.05138888888888889
18 0.48203125 0.015277777777777777 0.05 0.030555555555555555
13 0.672265625 0.8777777777777778 0.02421875 0.03888888888888889
13 0.710546875 0.7479166666666667 0.02109375 0.04027777777777778
13 0.844921875 0.6965277777777777 0.02265625 0.04861111111111111
13 0.736328125 0.6083333333333333 0.01953125 0.03888888888888889
13 0.7453125 0.46111111111111114 0.0203125 0.03888888888888889
13 0.770703125 0.35694444444444445 0.02109375 0.03888888888888889
13 0.742578125 0.31666666666666665 0.02109375 0.03888888888888889
13 0.723828125 0.17083333333333334 0.02421875 0.044444444444444446
13 0.6921875 0.0375 0.0234375 0.041666666666666664
13 0.852734375 0.2673611111111111 0.02265625 0.043055555555555555
13 0.951953125 0.65625 0.02109375 0.043055555555555555
13 0.963671875 0.6076388888888888 0.02890625 0.043055555555555555
13 0.941796875 0.04375 0.02265625 0.043055555555555555
13 0.9265625 0.018055555555555554 0.021875 0.03611111111111111
10 0.390625 0.41597222222222224 0.05 0.13194444444444445